IVE	1297953000	price	63.73
IVE	1297953000	bid	63.7
IVE	1297953000	ask	63.77
IVE	1297953000	price	63.72
IVE	1297953000	bid	63.72
IVE	1297953000	ask	63.79
IVE	1297953070	price	63.78
IVE	1297953070	bid	63.77
IVE	1297953070	ask	63.78
IVE	1297953079	bid	63.78
IVE	1297953079	ask	63.79
IVE	1297953099	price	63.77
IVE	1297953099	bid	63.77
IVE	1297953099	ask	63.78
IVE	1297953102	bid	63.75
IVE	1297953102	ask	63.77
IVE	1297953129	price	63.7568
IVE	1297953129	ask	63.76
IVE	1297953129	price	63.759
IVE	1297953150	price	63.76
IVE	1297953150	bid	63.74
IVE	1297953256	bid	63.75
IVE	1297953260	price	63.7576
IVE	1297953260	ask	63.77
IVE	1297953264	price	63.7624
IVE	1297953277	price	63.75
IVE	1297953277	ask	63.76
IVE	1297953307	price	63.7492
IVE	1297953307	bid	63.74
IVE	1297953342	price	63.7462
IVE	1297953342	ask	63.75
IVE	1297953358	price	63.73
IVE	1297953358	bid	63.73
IVE	1297953358	ask	63.73
IVE	1297953358	bid	63.72
IVE	1297953358	bid	63.73
IVE	1297953358	ask	63.74
IVE	1297953358	ask	63.73
IVE	1297953360	price	63.72
IVE	1297953360	bid	63.72
IVE	1297953360	bid	63.71
IVE	1297953360	ask	63.72
IVE	1297953361	bid	63.72
IVE	1297953361	ask	63.73
IVE	1297953376	price	63.71
IVE	1297953376	bid	63.7
IVE	1297953376	ask	63.71
IVE	1297953377	bid	63.71
IVE	1297953377	ask	63.72
IVE	1297953387	bid	63.7
IVE	1297953387	ask	63.71
IVE	1297953392	price	63.702
IVE	1297953399	price	63.72
IVE	1297953399	ask	63.72
IVE	1297953399	bid	63.71
IVE	1297953430	price	63.73
IVE	1297953430	bid	63.72
IVE	1297953430	ask	63.73
IVE	1297953493	price	63.74
IVE	1297953493	bid	63.74
IVE	1297953493	ask	63.75
IVE	1297953493	price	63.75
IVE	1297953493	bid	63.75
IVE	1297953493	ask	63.76
IVE	1297953505	price	63.76
IVE	1297953506	bid	63.76
IVE	1297953506	ask	63.77
IVE	1297953508	bid	63.75
IVE	1297953527	bid	63.76
IVE	1297953527	ask	63.76
IVE	1297953530	price	63.74
IVE	1297953530	bid	63.74
IVE	1297953530	ask	63.75
IVE	1297953568	price	63.76
IVE	1297953568	bid	63.76
IVE	1297953568	ask	63.77
IVE	1297953592	price	63.78
IVE	1297953592	bid	63.78
IVE	1297953592	ask	63.79
IVE	1297953628	price	63.76
IVE	1297953628	bid	63.75
IVE	1297953628	ask	63.77
IVE	1297953631	price	63.75
IVE	1297953631	ask	63.76
IVE	1297953631	ask	63.75
IVE	1297953631	bid	63.74
IVE	1297953641	ask	63.76
IVE	1297953644	ask	63.75
IVE	1297953645	price	63.7362
IVE	1297953645	bid	63.73
IVE	1297953645	ask	63.74
IVE	1297953698	price	63.73
IVE	1297953717	price	63.75
IVE	1297953717	bid	63.75
IVE	1297953717	ask	63.76
IVE	1297953748	price	63.79
IVE	1297953748	bid	63.77
IVE	1297953748	ask	63.79
IVE	1297953800	price	63.77
IVE	1297953800	bid	63.76
IVE	1297953800	ask	63.77
IVE	1297953800	price	63.76
IVE	1297953856	price	63.78
IVE	1297953856	bid	63.77
IVE	1297953856	ask	63.79
IVE	1297953928	price	63.7602
IVE	1297953928	bid	63.76
IVE	1297953928	ask	63.78
IVE	1297953930	price	63.77
IVE	1297953930	bid	63.77
IVE	1297953960	price	63.752
IVE	1297953960	bid	63.74
IVE	1297953960	ask	63.76
IVE	1297953992	price	63.762
IVE	1297953992	bid	63.76
IVE	1297953992	ask	63.77
IVE	1297954011	price	63.78
IVE	1297954011	bid	63.78
IVE	1297954011	ask	63.8
IVE	1297954217	bid	63.77
IVE	1297954217	ask	63.78
IVE	1297954223	price	63.774
IVE	1297954223	ask	63.79
IVE	1297954239	price	63.78
IVE	1297954239	ask	63.78
IVE	1297954257	price	63.7872
IVE	1297954257	bid	63.78
IVE	1297954257	ask	63.8
IVE	1297954260	price	63.7876
IVE	1297954299	price	63.78
IVE	1297954299	ask	63.79
IVE	1297954310	price	63.79
IVE	1297954310	ask	63.8
IVE	1297954310	price	63.789
IVE	1297954311	price	63.788
IVE	1297954311	ask	63.79
IVE	1297954321	price	63.78
IVE	1297954321	bid	63.77
IVE	1297954332	price	63.785
IVE	1297954332	bid	63.79
IVE	1297954332	ask	63.8
IVE	1297954332	price	63.79
IVE	1297954332	price	63.785
IVE	1297954332	price	63.79
IVE	1297954332	bid	63.78
IVE	1297954332	price	63.785
IVE	1297954332	ask	63.79
IVE	1297954339	price	63.79
IVE	1297954339	bid	63.79
IVE	1297954339	ask	63.8
IVE	1297954346	price	63.785
IVE	1297954346	bid	63.78
IVE	1297954346	ask	63.79
IVE	1297954346	bid	63.79
IVE	1297954346	ask	63.8
IVE	1297954346	price	63.79
IVE	1297954366	price	63.785
IVE	1297954366	bid	63.78
IVE	1297954366	ask	63.79
IVE	1297954366	price	63.79
IVE	1297954384	ask	63.8
IVE	1297954390	ask	63.79
IVE	1297954391	price	63.78
IVE	1297954391	bid	63.77
IVE	1297954391	ask	63.78
IVE	1297954405	bid	63.78
IVE	1297954405	ask	63.8
IVE	1297954421	price	63.785
IVE	1297954437	price	63.79
IVE	1297954474	price	63.785
IVE	1297954474	ask	63.79
IVE	1297954474	price	63.79
IVE	1297954474	price	63.8
IVE	1297954474	bid	63.8
IVE	1297954474	ask	63.81
IVE	1297954474	price	63.81
IVE	1297954474	price	63.8
IVE	1297954474	price	63.81
IVE	1297954477	price	63.8
IVE	1297954477	bid	63.79
IVE	1297954477	ask	63.8
IVE	1297954505	price	63.78
IVE	1297954505	bid	63.78
IVE	1297954505	ask	63.79
IVE	1297954581	price	63.79
IVE	1297954581	ask	63.8
IVE	1297954593	bid	63.79
IVE	1297954596	bid	63.78
IVE	1297954620	ask	63.79
IVE	1297954671	price	63.796
IVE	1297954671	ask	63.8
IVE	1297954701	price	63.79
IVE	1297954725	price	63.798
IVE	1297954758	price	63.79
IVE	1297954776	price	63.8
IVE	1297954776	bid	63.8
IVE	1297954776	ask	63.81
IVE	1297954800	price	63.81
IVE	1297954800	bid	63.79
IVE	1297954800	bid	63.8
IVE	1297954800	ask	63.82
IVE	1297954800	bid	63.81
IVE	1297954800	ask	63.86
IVE	1297954800	ask	63.87
IVE	1297954802	price	63.819
IVE	1297954802	bid	63.85
IVE	1297954803	price	63.86
IVE	1297954803	bid	63.86
IVE	1297954804	bid	63.85
IVE	1297954805	price	63.87
IVE	1297954805	bid	63.86
IVE	1297954807	price	63.86
IVE	1297954810	bid	63.84
IVE	1297954810	ask	63.86
IVE	1297954811	price	63.82
IVE	1297954811	bid	63.82
IVE	1297954811	ask	63.84
IVE	1297954812	bid	63.81
IVE	1297954812	ask	63.82
IVE	1297954813	bid	63.82
IVE	1297954814	price	63.84
IVE	1297954814	bid	63.84
IVE	1297954814	ask	63.84
IVE	1297954816	price	63.85
IVE	1297954816	bid	63.85
IVE	1297954816	ask	63.86
IVE	1297954818	price	63.86
IVE	1297954818	ask	63.87
IVE	1297954818	price	63.87
IVE	1297954824	price	63.8466
IVE	1297954824	bid	63.84
IVE	1297954824	ask	63.85
IVE	1297954832	price	63.86
IVE	1297954832	bid	63.86
IVE	1297954832	ask	63.87
IVE	1297954832	price	63.8601
IVE	1297954833	price	63.86
IVE	1297954833	price	63.8601
IVE	1297954834	price	63.87
IVE	1297954865	price	63.84
IVE	1297954865	bid	63.83
IVE	1297954865	ask	63.84
IVE	1297954882	price	63.83
IVE	1297954882	ask	63.83
IVE	1297954909	price	63.81
IVE	1297954909	bid	63.8
IVE	1297954909	ask	63.81
IVE	1297954909	ask	63.82
IVE	1297954912	price	63.8148
IVE	1297954928	price	63.81
IVE	1297954928	bid	63.81
IVE	1297954956	price	63.83
IVE	1297954956	bid	63.83
IVE	1297954956	ask	63.84
IVE	1297954966	price	63.84
IVE	1297954987	price	63.85
IVE	1297954987	bid	63.84
IVE	1297954987	ask	63.86
IVE	1297955007	price	63.86
IVE	1297955007	bid	63.86
IVE	1297955007	ask	63.87
IVE	1297955016	price	63.8576
IVE	1297955016	bid	63.85
IVE	1297955115	price	63.91
IVE	1297955115	bid	63.9
IVE	1297955115	ask	63.91
IVE	1297955135	price	63.9066
IVE	1297955138	price	63.9
IVE	1297955138	ask	63.9
IVE	1297955265	price	63.84
IVE	1297955265	bid	63.83
IVE	1297955265	ask	63.84
IVE	1297955274	price	63.83
IVE	1297955274	bid	63.82
IVE	1297955274	ask	63.83
IVE	1297955329	bid	63.83
IVE	1297955329	ask	63.84
IVE	1297955362	price	63.82
IVE	1297955362	bid	63.82
IVE	1297955362	ask	63.83
IVE	1297955377	price	63.81
IVE	1297955377	bid	63.81
IVE	1297955377	ask	63.82
IVE	1297955377	price	63.8
IVE	1297955377	bid	63.8
IVE	1297955377	ask	63.81
IVE	1297955377	bid	63.79
IVE	1297955377	ask	63.8
IVE	1297955408	price	63.82
IVE	1297955408	bid	63.82
IVE	1297955408	ask	63.82
IVE	1297955446	price	63.81
IVE	1297955446	bid	63.81
IVE	1297955446	price	63.82
IVE	1297955446	bid	63.8
IVE	1297955446	ask	63.81
IVE	1297955449	price	63.8
IVE	1297955456	bid	63.79
IVE	1297955456	ask	63.8
IVE	1297955481	bid	63.8
IVE	1297955546	price	63.7819
IVE	1297955546	bid	63.78
IVE	1297955553	price	63.78
IVE	1297955553	bid	63.77
IVE	1297955553	ask	63.78
IVE	1297955568	bid	63.78
IVE	1297955568	ask	63.79
IVE	1297955616	price	63.7702
IVE	1297955616	bid	63.77
IVE	1297955626	price	63.7862
IVE	1297955626	bid	63.78
IVE	1297955627	price	63.78
IVE	1297955627	bid	63.77
IVE	1297955627	ask	63.78
IVE	1297955723	price	63.8019
IVE	1297955723	bid	63.8
IVE	1297955723	ask	63.81
IVE	1297955766	price	63.7862
IVE	1297955766	bid	63.78
IVE	1297955766	ask	63.79
IVE	1297955769	price	63.79
IVE	1297955769	bid	63.79
IVE	1297955769	ask	63.8
IVE	1297955793	price	63.7746
IVE	1297955793	bid	63.76
IVE	1297955793	ask	63.78
IVE	1297955926	price	63.76
IVE	1297955926	bid	63.75
IVE	1297955926	ask	63.76
IVE	1297955967	price	63.7538
IVE	1297955968	price	63.76
IVE	1297955968	bid	63.76
IVE	1297955990	price	63.772
IVE	1297955990	bid	63.77
IVE	1297955990	ask	63.79
IVE	1297956078	price	63.8081
IVE	1297956078	bid	63.8
IVE	1297956078	ask	63.81
IVE	1297956083	price	63.7965
IVE	1297956083	bid	63.79
IVE	1297956114	price	63.81
IVE	1297956114	bid	63.81
IVE	1297956123	price	63.82
IVE	1297956123	bid	63.82
IVE	1297956123	ask	63.83
IVE	1297956190	price	63.8099
IVE	1297956190	bid	63.8
IVE	1297956190	ask	63.81
IVE	1297956219	price	63.8101
IVE	1297956219	bid	63.81
IVE	1297956219	ask	63.83
IVE	1297956236	price	63.82
IVE	1297956236	bid	63.82
IVE	1297956236	bid	63.81
IVE	1297956236	ask	63.82
IVE	1297956236	price	63.83
IVE	1297956236	bid	63.82
IVE	1297956236	ask	63.83
IVE	1297956236	price	63.82
IVE	1297956236	bid	63.83
IVE	1297956236	ask	63.84
IVE	1297956236	price	63.83
IVE	1297956236	price	63.82
IVE	1297956237	price	63.84
IVE	1297956237	bid	63.84
IVE	1297956237	ask	63.85
IVE	1297956237	price	63.85
IVE	1297956237	bid	63.85
IVE	1297956237	ask	63.86
IVE	1297956241	ask	63.85
IVE	1297956246	ask	63.86
IVE	1297956246	price	63.86
IVE	1297956246	price	63.85
IVE	1297956247	price	63.86
IVE	1297956263	price	63.87
IVE	1297956263	bid	63.87
IVE	1297956263	ask	63.88
IVE	1297956269	bid	63.86
IVE	1297956269	ask	63.87
IVE	1297956269	bid	63.87
IVE	1297956269	ask	63.88
IVE	1297956270	price	63.88
IVE	1297956270	bid	63.88
IVE	1297956270	price	63.89
IVE	1297956270	ask	63.89
IVE	1297956280	price	63.88
IVE	1297956282	bid	63.87
IVE	1297956283	price	63.87
IVE	1297956283	bid	63.86
IVE	1297956283	ask	63.88
IVE	1297956294	price	63.864
IVE	1297956325	price	63.86
IVE	1297956325	ask	63.87
IVE	1297956351	price	63.87
IVE	1297956351	bid	63.87
IVE	1297956351	ask	63.88
IVE	1297956359	price	63.8751
IVE	1297956374	price	63.88
IVE	1297956374	bid	63.88
IVE	1297956374	ask	63.89
IVE	1297956394	price	63.87
IVE	1297956394	bid	63.87
IVE	1297956394	ask	63.88
IVE	1297956456	price	63.8702
IVE	1297956495	price	63.856
IVE	1297956495	bid	63.85
IVE	1297956495	ask	63.87
IVE	1297956534	price	63.85
IVE	1297956534	ask	63.86
IVE	1297956573	price	63.86
IVE	1297956573	bid	63.86
IVE	1297956573	ask	63.87
IVE	1297956631	price	63.85
IVE	1297956631	bid	63.84
IVE	1297956631	ask	63.85
IVE	1297956661	price	63.83
IVE	1297956661	bid	63.83
IVE	1297956661	ask	63.84
IVE	1297956700	price	63.84
IVE	1297956700	bid	63.84
IVE	1297956700	ask	63.85
IVE	1297956714	bid	63.83
IVE	1297956714	ask	63.84
IVE	1297956714	bid	63.84
IVE	1297956714	ask	63.85
IVE	1297956724	price	63.85
IVE	1297956724	bid	63.85
IVE	1297956724	ask	63.86
IVE	1297956730	bid	63.84
IVE	1297956733	price	63.86
IVE	1297956733	bid	63.86
IVE	1297956733	ask	63.87
IVE	1297956748	price	63.8698
IVE	1297956748	bid	63.85
IVE	1297956847	price	63.8732
IVE	1297956847	bid	63.87
IVE	1297956847	ask	63.88
IVE	1297956850	price	63.8842
IVE	1297956850	ask	63.89
IVE	1297956861	price	63.8701
IVE	1297956861	ask	63.88
IVE	1297956882	price	63.87
IVE	1297957129	price	63.874
IVE	1297957176	price	63.86
IVE	1297957176	bid	63.85
IVE	1297957176	ask	63.87
IVE	1297957187	price	63.85
IVE	1297957187	bid	63.84
IVE	1297957187	ask	63.85
IVE	1297957187	bid	63.85
IVE	1297957218	price	63.86
IVE	1297957218	bid	63.86
IVE	1297957218	ask	63.86
IVE	1297957228	bid	63.85
IVE	1297957315	price	63.84
IVE	1297957315	bid	63.84
IVE	1297957315	ask	63.85
IVE	1297957326	bid	63.83
IVE	1297957326	ask	63.84
IVE	1297957326	bid	63.84
IVE	1297957326	ask	63.85
IVE	1297957369	price	63.866
IVE	1297957369	bid	63.85
IVE	1297957369	ask	63.87
IVE	1297957373	price	63.85
IVE	1297957373	ask	63.86
IVE	1297957394	price	63.84
IVE	1297957394	bid	63.84
IVE	1297957394	ask	63.84
IVE	1297957394	bid	63.83
IVE	1297957414	price	63.85
IVE	1297957414	bid	63.85
IVE	1297957414	ask	63.86
IVE	1297957486	price	63.87
IVE	1297957486	bid	63.86
IVE	1297957486	ask	63.87
IVE	1297957492	bid	63.87
IVE	1297957492	ask	63.88
IVE	1297957508	bid	63.86
IVE	1297957508	ask	63.87
IVE	1297957576	price	63.8751
IVE	1297957576	bid	63.87
IVE	1297957576	ask	63.88
IVE	1297957620	price	63.88
IVE	1297957640	bid	63.88
IVE	1297957640	ask	63.89
IVE	1297957652	price	63.8776
IVE	1297957652	bid	63.87
IVE	1297957724	price	63.8858
IVE	1297957747	price	63.89
IVE	1297957747	bid	63.88
IVE	1297957778	price	63.91
IVE	1297957778	bid	63.9
IVE	1297957778	ask	63.91
IVE	1297957782	price	63.9
IVE	1297957782	price	63.89
IVE	1297957782	bid	63.88
IVE	1297957782	ask	63.89
IVE	1297957787	bid	63.89
IVE	1297957790	ask	63.9
IVE	1297957844	bid	63.88
IVE	1297957844	ask	63.89
IVE	1297957913	price	63.8924
IVE	1297957913	ask	63.9
IVE	1297957925	price	63.88
IVE	1297957925	bid	63.87
IVE	1297957925	ask	63.88
IVE	1297957936	bid	63.88
IVE	1297957936	ask	63.89
IVE	1297957936	bid	63.87
IVE	1297957936	ask	63.88
IVE	1297958022	price	63.8702
IVE	1297958022	ask	63.89
IVE	1297958118	price	63.9179
IVE	1297958118	bid	63.91
IVE	1297958118	ask	63.92
IVE	1297958159	price	63.91
IVE	1297958166	bid	63.9
IVE	1297958166	ask	63.91
IVE	1297958215	price	63.9
IVE	1297958215	bid	63.89
IVE	1297958215	ask	63.9
IVE	1297958219	price	63.8919
IVE	1297958261	price	63.88
IVE	1297958261	bid	63.88
IVE	1297958261	ask	63.89
IVE	1297958275	price	63.87
IVE	1297958275	bid	63.86
IVE	1297958275	ask	63.87
IVE	1297958294	price	63.8888
IVE	1297958294	bid	63.87
IVE	1297958294	ask	63.89
IVE	1297958334	price	63.87
IVE	1297958334	ask	63.88
IVE	1297958343	price	63.865
IVE	1297958343	bid	63.86
IVE	1297958344	price	63.87
IVE	1297958344	bid	63.87
IVE	1297958374	price	63.864
IVE	1297958374	bid	63.86
IVE	1297958436	price	63.88
IVE	1297958436	bid	63.88
IVE	1297958436	ask	63.89
IVE	1297958491	price	63.91
IVE	1297958491	bid	63.9
IVE	1297958491	ask	63.91
IVE	1297958499	price	63.9068
IVE	1297958517	price	63.89
IVE	1297958517	bid	63.88
IVE	1297958517	ask	63.9
IVE	1297958567	bid	63.89
IVE	1297958571	price	63.9
IVE	1297958596	price	63.91
IVE	1297958596	bid	63.91
IVE	1297958596	ask	63.92
IVE	1297958603	price	63.92
IVE	1297958603	bid	63.92
IVE	1297958603	ask	63.93
IVE	1297958628	price	63.91
IVE	1297958628	bid	63.91
IVE	1297958628	ask	63.91
IVE	1297958628	bid	63.9
IVE	1297958671	price	63.9024
IVE	1297958719	price	63.89
IVE	1297958719	bid	63.88
IVE	1297958719	ask	63.89
IVE	1297958782	price	63.9
IVE	1297958782	bid	63.89
IVE	1297958782	ask	63.9
IVE	1297958843	price	63.9081
IVE	1297958843	ask	63.91
IVE	1297958896	price	63.9
IVE	1297959024	price	63.897
IVE	1297959024	ask	63.9
IVE	1297959113	price	63.9
IVE	1297959113	bid	63.9
IVE	1297959161	price	63.937
IVE	1297959161	bid	63.93
IVE	1297959161	ask	63.94
IVE	1297959165	price	63.935
IVE	1297959167	price	63.94
IVE	1297959168	price	63.95
IVE	1297959168	bid	63.94
IVE	1297959168	ask	63.95
IVE	1297959168	bid	63.95
IVE	1297959168	price	63.945
IVE	1297959170	price	63.95
IVE	1297959170	ask	63.96
IVE	1297959238	price	63.97
IVE	1297959238	bid	63.97
IVE	1297959238	ask	63.98
IVE	1297959260	bid	63.96
IVE	1297959260	ask	63.97
IVE	1297959272	price	63.9799
IVE	1297959272	bid	63.97
IVE	1297959272	ask	63.98
IVE	1297959282	price	63.9708
IVE	1297959288	price	63.98
IVE	1297959302	price	63.9734
IVE	1297959307	price	63.97
IVE	1297959307	ask	63.97
IVE	1297959313	price	63.98
IVE	1297959313	bid	63.98
IVE	1297959313	ask	63.99
IVE	1297959315	price	63.99
IVE	1297959315	price	63.985
IVE	1297959315	price	63.99
IVE	1297959315	bid	63.99
IVE	1297959315	ask	64.0
IVE	1297959355	price	63.9601
IVE	1297959355	bid	63.96
IVE	1297959355	ask	63.97
IVE	1297959356	price	63.96
IVE	1297959356	bid	63.95
IVE	1297959357	price	63.95
IVE	1297959357	bid	63.94
IVE	1297959357	ask	63.95
IVE	1297959398	price	63.97
IVE	1297959398	bid	63.97
IVE	1297959398	ask	63.98
IVE	1297959472	price	63.98
IVE	1297959472	bid	63.98
IVE	1297959503	price	63.983
IVE	1297959503	ask	63.99
IVE	1297959527	price	64.01
IVE	1297959527	bid	64.01
IVE	1297959527	ask	64.02
IVE	1297959527	bid	64.0
IVE	1297959527	ask	64.01
IVE	1297959529	price	64.0
IVE	1297959529	bid	63.99
IVE	1297959568	price	63.99
IVE	1297959568	bid	63.98
IVE	1297959568	ask	63.99
IVE	1297959595	price	64.0
IVE	1297959595	bid	63.99
IVE	1297959595	ask	64.0
IVE	1297959605	price	64.01
IVE	1297959605	bid	64.0
IVE	1297959605	ask	64.01
IVE	1297959648	price	63.99
IVE	1297959648	bid	63.98
IVE	1297959648	ask	63.99
IVE	1297959648	bid	63.99
IVE	1297959648	ask	64.0
IVE	1297959659	bid	63.98
IVE	1297959659	ask	63.99
IVE	1297959772	price	64.0
IVE	1297959772	bid	64.0
IVE	1297959772	ask	64.01
IVE	1297959824	price	64.01
IVE	1297959824	bid	64.01
IVE	1297959824	ask	64.02
IVE	1297959830	price	64.02
IVE	1297959830	bid	64.02
IVE	1297959830	ask	64.03
IVE	1297959840	price	64.03
IVE	1297959840	bid	64.03
IVE	1297959845	bid	64.02
IVE	1297959860	price	64.035
IVE	1297959860	bid	64.03
IVE	1297959860	ask	64.04
IVE	1297959860	price	64.04
IVE	1297959860	price	64.035
IVE	1297959860	price	64.04
IVE	1297959860	price	64.035
IVE	1297959860	bid	64.04
IVE	1297959860	ask	64.05
IVE	1297959886	price	64.03
IVE	1297959886	bid	64.03
IVE	1297959886	ask	64.04
IVE	1297959886	price	64.025
IVE	1297959909	price	64.04
IVE	1297959909	bid	64.04
IVE	1297959909	ask	64.05
IVE	1297959909	price	64.035
IVE	1297959915	price	64.049
IVE	1297959938	price	64.0462
IVE	1297959940	price	64.046
IVE	1297959941	price	64.047
IVE	1297959943	price	64.045
IVE	1297959954	price	64.04
IVE	1297959954	bid	64.03
IVE	1297959954	ask	64.04
IVE	1297959968	bid	64.04
IVE	1297960010	price	64.0376
IVE	1297960010	bid	64.03
IVE	1297960018	price	64.0338
IVE	1297960035	price	64.0176
IVE	1297960035	bid	64.01
IVE	1297960035	ask	64.03
IVE	1297960042	price	64.0238
IVE	1297960042	bid	64.02
IVE	1297960052	price	64.021
IVE	1297960059	price	64.0238
IVE	1297960135	price	64.04
IVE	1297960135	bid	64.03
IVE	1297960135	ask	64.04
IVE	1297960141	price	64.032
IVE	1297960141	bid	64.04
IVE	1297960141	ask	64.05
IVE	1297960141	price	64.038
IVE	1297960160	price	64.04
IVE	1297960170	price	64.05
IVE	1297960181	bid	64.05
IVE	1297960181	ask	64.06
IVE	1297960190	price	64.06
IVE	1297960190	bid	64.06
IVE	1297960190	ask	64.07
IVE	1297960219	price	64.056
IVE	1297960219	bid	64.04
IVE	1297960219	ask	64.06
IVE	1297960222	price	64.04
IVE	1297960222	bid	64.03
IVE	1297960222	ask	64.04
IVE	1297960246	bid	64.04
IVE	1297960246	ask	64.05
IVE	1297960246	bid	64.03
IVE	1297960246	ask	64.04
IVE	1297960297	price	64.05
IVE	1297960297	bid	64.05
IVE	1297960297	ask	64.06
IVE	1297960297	price	64.059
IVE	1297960299	price	64.049
IVE	1297960299	bid	64.04
IVE	1297960300	price	64.058
IVE	1297960314	price	64.0598
IVE	1297960335	price	64.05
IVE	1297960361	price	64.06
IVE	1297960361	bid	64.05
IVE	1297960361	bid	64.06
IVE	1297960361	ask	64.07
IVE	1297960382	bid	64.05
IVE	1297960382	ask	64.06
IVE	1297960425	price	64.08
IVE	1297960425	bid	64.07
IVE	1297960425	ask	64.08
IVE	1297960427	bid	64.08
IVE	1297960427	ask	64.09
IVE	1297960485	price	64.0799
IVE	1297960485	bid	64.07
IVE	1297960485	ask	64.08
IVE	1297960486	price	64.075
IVE	1297960488	price	64.08
IVE	1297960558	price	64.0419
IVE	1297960558	bid	64.04
IVE	1297960558	ask	64.05
IVE	1297960573	price	64.0474
IVE	1297960725	price	64.034
IVE	1297960725	bid	64.03
IVE	1297960895	price	64.0319
IVE	1297960924	price	64.0344
IVE	1297960924	bid	64.02
IVE	1297960924	ask	64.04
IVE	1297961018	price	64.02
IVE	1297961018	bid	64.01
IVE	1297961018	ask	64.03
IVE	1297961025	bid	64.02
IVE	1297961030	price	64.03
IVE	1297961030	price	64.0281
IVE	1297961072	price	64.0372
IVE	1297961072	bid	64.03
IVE	1297961072	ask	64.04
IVE	1297961107	price	64.027
IVE	1297961107	bid	64.02
IVE	1297961107	ask	64.03
IVE	1297961107	price	64.025
IVE	1297961137	price	64.0349
IVE	1297961137	bid	64.03
IVE	1297961137	ask	64.04
IVE	1297961166	price	64.02
IVE	1297961166	bid	64.02
IVE	1297961174	price	64.0399
IVE	1297961259	price	64.056
IVE	1297961259	bid	64.04
IVE	1297961259	ask	64.06
IVE	1297961270	price	64.0535
IVE	1297961376	price	64.05
IVE	1297961376	bid	64.05
IVE	1297961377	price	64.04
IVE	1297961377	bid	64.04
IVE	1297961377	ask	64.05
IVE	1297961399	bid	64.03
IVE	1297961399	ask	64.04
IVE	1297961404	price	64.03
IVE	1297961548	price	64.05
IVE	1297961548	bid	64.04
IVE	1297961548	ask	64.05
IVE	1297961586	price	64.042
IVE	1297961607	price	64.0484
IVE	1297961607	price	64.0485
IVE	1297961607	price	64.049
IVE	1297961620	price	64.0478
IVE	1297961713	price	64.0462
IVE	1297961721	price	64.0419
IVE	1297961754	price	64.04
IVE	1297961754	price	64.0419
IVE	1297961762	price	64.042
IVE	1297961775	price	64.0599
IVE	1297961775	ask	64.06
IVE	1297961794	price	64.0558
IVE	1297961813	price	64.0415
IVE	1297961813	ask	64.05
IVE	1297961813	price	64.05
IVE	1297961885	price	64.0562
IVE	1297961885	bid	64.05
IVE	1297961885	ask	64.06
IVE	1297961910	price	64.0593
IVE	1297961912	price	64.06
IVE	1297961948	price	64.054
IVE	1297961948	price	64.0595
IVE	1297961949	price	64.0578
IVE	1297961979	price	64.05
IVE	1297961979	bid	64.04
IVE	1297961979	ask	64.05
IVE	1297961979	price	64.04
IVE	1297962010	price	64.0362
IVE	1297962010	bid	64.03
IVE	1297962010	ask	64.04
IVE	1297962032	price	64.032
IVE	1297962032	ask	64.05
IVE	1297962079	price	64.0499
IVE	1297962084	price	64.034
IVE	1297962111	price	64.036
IVE	1297962111	bid	64.02
IVE	1297962111	ask	64.04
IVE	1297962186	price	64.03
IVE	1297962186	ask	64.03
IVE	1297962186	bid	64.03
IVE	1297962186	ask	64.05
IVE	1297962211	price	64.038
IVE	1297962211	ask	64.04
IVE	1297962285	price	64.032
IVE	1297962317	price	64.023
IVE	1297962317	bid	64.02
IVE	1297962317	ask	64.03
IVE	1297962331	price	64.029
IVE	1297962358	price	64.038
IVE	1297962358	bid	64.03
IVE	1297962358	ask	64.04
IVE	1297962365	price	64.0378
IVE	1297962365	price	64.032
IVE	1297962389	price	64.04
IVE	1297962390	bid	64.04
IVE	1297962390	ask	64.05
IVE	1297962390	price	64.05
IVE	1297962390	bid	64.05
IVE	1297962390	ask	64.06
IVE	1297962417	bid	64.04
IVE	1297962417	ask	64.05
IVE	1297962418	price	64.04
IVE	1297962597	price	64.0268
IVE	1297962597	bid	64.02
IVE	1297962597	ask	64.03
IVE	1297962597	price	64.0279
IVE	1297962597	price	64.029
IVE	1297962597	price	64.028
IVE	1297962637	price	64.0234
IVE	1297962688	price	64.02
IVE	1297962688	bid	64.01
IVE	1297962688	ask	64.02
IVE	1297962716	price	64.0
IVE	1297962716	bid	64.0
IVE	1297962716	ask	64.01
IVE	1297962716	price	64.01
IVE	1297962716	price	64.0
IVE	1297962727	price	63.99
IVE	1297962727	bid	63.99
IVE	1297962727	ask	63.99
IVE	1297962731	ask	64.0
IVE	1297962732	price	63.9978
IVE	1297962751	price	63.9962
IVE	1297962783	price	64.0
IVE	1297962788	price	64.002
IVE	1297962788	ask	64.01
IVE	1297962810	price	64.0
IVE	1297962810	ask	64.0
IVE	1297962813	bid	64.0
IVE	1297962813	ask	64.01
IVE	1297962826	bid	63.99
IVE	1297962997	price	64.0056
IVE	1297962997	price	63.9949
IVE	1297963047	price	64.008
IVE	1297963047	bid	64.0
IVE	1297963072	price	64.009
IVE	1297963073	price	64.008
IVE	1297963134	price	64.0024
IVE	1297963185	price	64.02
IVE	1297963185	bid	64.01
IVE	1297963185	ask	64.02
IVE	1297963235	price	64.0087
IVE	1297963235	bid	64.0
IVE	1297963235	ask	64.01
IVE	1297963235	price	64.0094
IVE	1297963235	price	64.009
IVE	1297963263	price	64.02
IVE	1297963263	bid	64.01
IVE	1297963263	ask	64.02
IVE	1297963263	price	64.0181
IVE	1297963314	price	64.01
IVE	1297963314	bid	64.0
IVE	1297963330	price	64.0019
IVE	1297963368	price	64.0002
IVE	1297963389	price	64.0124
IVE	1297963394	price	64.0076
IVE	1297963398	price	64.0001
IVE	1297963398	price	64.0025
IVE	1297963455	price	64.02
IVE	1297963455	bid	64.02
IVE	1297963455	ask	64.03
IVE	1297963555	price	64.004
IVE	1297963555	bid	64.0
IVE	1297963555	ask	64.02
IVE	1297963586	price	64.002
IVE	1297963586	ask	64.01
IVE	1297963617	price	64.02
IVE	1297963617	bid	64.02
IVE	1297963617	ask	64.03
IVE	1297963758	price	64.0199
IVE	1297963758	bid	64.01
IVE	1297963758	ask	64.02
IVE	1297963831	price	64.0388
IVE	1297963831	bid	64.03
IVE	1297963831	ask	64.04
IVE	1297963883	price	64.0354
IVE	1297963890	price	64.02
IVE	1297963890	bid	64.01
IVE	1297963890	ask	64.02
IVE	1297963891	price	64.03
IVE	1297963891	bid	64.02
IVE	1297963891	ask	64.03
IVE	1297963891	bid	64.03
IVE	1297963920	price	64.0299
IVE	1297963920	bid	64.02
IVE	1297963942	price	64.03
IVE	1297963942	bid	64.03
IVE	1297963942	ask	64.04
IVE	1297963956	bid	64.02
IVE	1297963956	ask	64.03
IVE	1297963974	price	64.02
IVE	1297964092	price	64.0381
IVE	1297964092	bid	64.03
IVE	1297964092	ask	64.04
IVE	1297964099	price	64.03
IVE	1297964099	bid	64.02
IVE	1297964099	ask	64.03
IVE	1297964099	price	64.02
IVE	1297964162	price	64.012
IVE	1297964162	bid	64.01
IVE	1297964162	ask	64.02
IVE	1297964179	price	64.02
IVE	1297964228	price	64.0201
IVE	1297964228	bid	64.02
IVE	1297964228	ask	64.04
IVE	1297964279	price	64.02
IVE	1297964279	ask	64.03
IVE	1297964287	price	64.03
IVE	1297964309	price	64.02
IVE	1297964446	price	64.028
IVE	1297964454	price	64.03
IVE	1297964552	bid	64.03
IVE	1297964552	ask	64.04
IVE	1297964583	price	64.029
IVE	1297964583	bid	64.02
IVE	1297964583	ask	64.03
IVE	1297964583	price	64.028
IVE	1297964630	price	64.0316
IVE	1297964630	bid	64.03
IVE	1297964630	ask	64.04
IVE	1297964631	price	64.0322
IVE	1297964672	price	64.0371
IVE	1297964817	price	64.0399
IVE	1297964854	price	64.048
IVE	1297964854	bid	64.04
IVE	1297964854	ask	64.05
IVE	1297964879	price	64.0484
IVE	1297964918	price	64.0501
IVE	1297964918	bid	64.05
IVE	1297964918	ask	64.06
IVE	1297964926	price	64.04
IVE	1297964926	bid	64.03
IVE	1297964926	ask	64.04
IVE	1297964971	price	64.03
IVE	1297964996	price	64.036
IVE	1297964996	bid	64.02
IVE	1297965018	price	64.02
IVE	1297965018	ask	64.03
IVE	1297965055	price	64.03
IVE	1297965055	ask	64.04
IVE	1297965055	price	64.0328
IVE	1297965078	price	64.0398
IVE	1297965083	price	64.0292
IVE	1297965123	ask	64.03
IVE	1297965222	price	64.038
IVE	1297965222	bid	64.03
IVE	1297965222	ask	64.04
IVE	1297965234	price	64.0392
IVE	1297965317	price	64.04
IVE	1297965363	bid	64.04
IVE	1297965363	ask	64.05
IVE	1297965363	price	64.05
IVE	1297965365	price	64.042
IVE	1297965366	price	64.04
IVE	1297965366	bid	64.03
IVE	1297965366	ask	64.04
IVE	1297965463	price	64.042
IVE	1297965463	bid	64.04
IVE	1297965463	ask	64.05
IVE	1297965481	price	64.04
IVE	1297965483	ask	64.04
IVE	1297965483	bid	64.03
IVE	1297965497	price	64.0326
IVE	1297965538	price	64.03
IVE	1297965538	ask	64.03
IVE	1297965538	price	64.035
IVE	1297965538	bid	64.02
IVE	1297965538	price	64.03
IVE	1297965570	price	64.0262
IVE	1297965572	price	64.03
IVE	1297965583	price	64.02
IVE	1297965583	bid	64.01
IVE	1297965583	ask	64.02
IVE	1297965584	price	64.0225
IVE	1297965584	price	64.025
IVE	1297965599	price	64.0125
IVE	1297965599	price	64.0173
IVE	1297965601	price	64.02
IVE	1297965601	bid	64.02
IVE	1297965601	ask	64.03
IVE	1297965604	price	64.03
IVE	1297965626	price	64.04
IVE	1297965626	bid	64.03
IVE	1297965626	ask	64.04
IVE	1297965627	bid	64.04
IVE	1297965743	price	64.03
IVE	1297965743	bid	64.03
IVE	1297965744	price	64.035
IVE	1297965744	bid	64.02
IVE	1297965744	ask	64.03
IVE	1297965744	price	64.03
IVE	1297965776	price	64.02
IVE	1297965776	bid	64.01
IVE	1297965776	ask	64.02
IVE	1297965776	price	64.025
IVE	1297965776	price	64.0225
IVE	1297965778	price	64.02
IVE	1297965778	price	64.03
IVE	1297965778	bid	64.02
IVE	1297965778	ask	64.03
IVE	1297965832	price	64.05
IVE	1297965832	bid	64.04
IVE	1297965832	ask	64.05
IVE	1297965833	price	64.06
IVE	1297965833	bid	64.06
IVE	1297965833	ask	64.07
IVE	1297965834	bid	64.05
IVE	1297965834	ask	64.06
IVE	1297965848	price	64.0464
IVE	1297965848	bid	64.04
IVE	1297965848	ask	64.05
IVE	1297965856	price	64.05
IVE	1297965866	price	64.0536
IVE	1297965866	bid	64.05
IVE	1297965866	ask	64.06
IVE	1297965873	price	64.06
IVE	1297965886	price	64.05
IVE	1297965940	bid	64.04
IVE	1297965940	ask	64.05
IVE	1297965944	price	64.07
IVE	1297965944	bid	64.07
IVE	1297965944	ask	64.07
IVE	1297966026	bid	64.06
IVE	1297966026	bid	64.07
IVE	1297966026	ask	64.08
IVE	1297966027	bid	64.06
IVE	1297966027	ask	64.07
IVE	1297966046	bid	64.07
IVE	1297966046	ask	64.08
IVE	1297966059	price	64.0772
IVE	1297966090	price	64.089
IVE	1297966090	ask	64.09
IVE	1297966098	price	64.0824
IVE	1297966113	price	64.09
IVE	1297966113	bid	64.09
IVE	1297966113	ask	64.1
IVE	1297966114	bid	64.08
IVE	1297966114	ask	64.09
IVE	1297966129	price	64.1
IVE	1297966129	bid	64.09
IVE	1297966129	ask	64.1
IVE	1297966130	bid	64.1
IVE	1297966130	ask	64.11
IVE	1297966151	bid	64.09
IVE	1297966151	ask	64.1
IVE	1297966263	price	64.0938
IVE	1297966281	price	64.09
IVE	1297966281	bid	64.08
IVE	1297966281	ask	64.09
IVE	1297966341	price	64.1
IVE	1297966341	bid	64.09
IVE	1297966341	ask	64.1
IVE	1297966342	bid	64.1
IVE	1297966342	ask	64.11
IVE	1297966345	bid	64.09
IVE	1297966345	ask	64.1
IVE	1297966359	bid	64.1
IVE	1297966553	bid	64.09
IVE	1297966623	price	64.12
IVE	1297966623	bid	64.12
IVE	1297966623	ask	64.13
IVE	1297966653	price	64.13
IVE	1297966653	bid	64.13
IVE	1297966653	ask	64.14
IVE	1297966677	price	64.139
IVE	1297966688	price	64.13
IVE	1297966710	price	64.1222
IVE	1297966710	bid	64.12
IVE	1297966710	ask	64.13
IVE	1297966745	price	64.121
IVE	1297966762	price	64.11
IVE	1297966762	bid	64.11
IVE	1297966762	ask	64.12
IVE	1297966763	bid	64.1
IVE	1297966763	ask	64.11
IVE	1297966780	price	64.1001
IVE	1297966790	price	64.1242
IVE	1297966790	bid	64.11
IVE	1297966790	ask	64.13
IVE	1297966885	price	64.13
IVE	1297966885	bid	64.12
IVE	1297966885	ask	64.14
IVE	1297966885	bid	64.13
IVE	1297966887	price	64.14
IVE	1297966905	price	64.13
IVE	1297966909	bid	64.12
IVE	1297966917	bid	64.13
IVE	1297966917	ask	64.13
IVE	1297966919	price	64.122
IVE	1297966919	ask	64.14
IVE	1297966920	price	64.14
IVE	1297966999	price	64.13
IVE	1297966999	ask	64.13
IVE	1297966999	ask	64.14
IVE	1297966999	price	64.14
IVE	1297967000	bid	64.14
IVE	1297967000	ask	64.15
IVE	1297967043	bid	64.13
IVE	1297967058	price	64.1481
IVE	1297967058	bid	64.14
IVE	1297967084	price	64.14
IVE	1297967084	ask	64.14
IVE	1297967097	price	64.1273
IVE	1297967097	bid	64.12
IVE	1297967097	ask	64.13
IVE	1297967112	price	64.13
IVE	1297967112	bid	64.13
IVE	1297967112	ask	64.14
IVE	1297967122	price	64.132
IVE	1297967167	price	64.14
IVE	1297967167	bid	64.14
IVE	1297967167	ask	64.15
IVE	1297967179	bid	64.13
IVE	1297967179	ask	64.14
IVE	1297967179	ask	64.15
IVE	1297967190	price	64.13
IVE	1297967190	ask	64.14
IVE	1297967195	price	64.14
IVE	1297967195	bid	64.14
IVE	1297967221	price	64.1401
IVE	1297967221	ask	64.15
IVE	1297967221	price	64.15
IVE	1297967221	bid	64.15
IVE	1297967221	ask	64.16
IVE	1297967273	price	64.16
IVE	1297967389	price	64.15
IVE	1297967389	bid	64.14
IVE	1297967389	ask	64.15
IVE	1297967415	price	64.151
IVE	1297967415	bid	64.15
IVE	1297967415	ask	64.16
IVE	1297967444	price	64.16
IVE	1297967444	bid	64.16
IVE	1297967444	ask	64.17
IVE	1297967492	price	64.15
IVE	1297967492	bid	64.15
IVE	1297967492	ask	64.16
IVE	1297967520	price	64.152
IVE	1297967577	price	64.1519
IVE	1297967636	price	64.16
IVE	1297967636	bid	64.16
IVE	1297967636	ask	64.17
IVE	1297967681	ask	64.16
IVE	1297967681	price	64.15
IVE	1297967681	bid	64.15
IVE	1297967681	ask	64.15
IVE	1297967681	ask	64.16
IVE	1297967746	bid	64.14
IVE	1297967746	ask	64.14
IVE	1297967746	price	64.14
IVE	1297967746	price	64.15
IVE	1297967746	price	64.14
IVE	1297967747	ask	64.15
IVE	1297967841	price	64.15
IVE	1297968026	price	64.159
IVE	1297968026	bid	64.15
IVE	1297968026	ask	64.16
IVE	1297968063	price	64.15
IVE	1297968063	bid	64.14
IVE	1297968063	ask	64.15
IVE	1297968063	price	64.1432
IVE	1297968063	price	64.141
IVE	1297968064	price	64.151
IVE	1297968065	price	64.142
IVE	1297968065	price	64.151
IVE	1297968083	price	64.1426
IVE	1297968099	price	64.1422
IVE	1297968115	price	64.16
IVE	1297968115	bid	64.15
IVE	1297968154	price	64.15
IVE	1297968154	bid	64.14
IVE	1297968244	price	64.144
IVE	1297968244	ask	64.16
IVE	1297968289	price	64.159
IVE	1297968346	price	64.1471
IVE	1297968346	ask	64.15
IVE	1297968352	price	64.1401
IVE	1297968365	price	64.15
IVE	1297968365	bid	64.15
IVE	1297968366	price	64.16
IVE	1297968366	bid	64.16
IVE	1297968366	ask	64.16
IVE	1297968459	price	64.17
IVE	1297968459	ask	64.17
IVE	1297968532	price	64.1599
IVE	1297968532	bid	64.15
IVE	1297968532	ask	64.16
IVE	1297968535	price	64.1501
IVE	1297968564	price	64.16
IVE	1297968566	price	64.1699
IVE	1297968566	bid	64.16
IVE	1297968566	ask	64.17
IVE	1297968593	price	64.1542
IVE	1297968593	bid	64.15
IVE	1297968607	price	64.15
IVE	1297968607	ask	64.16
IVE	1297968637	price	64.1401
IVE	1297968637	bid	64.14
IVE	1297968637	ask	64.15
IVE	1297968652	price	64.143
IVE	1297968652	price	64.1425
IVE	1297968652	price	64.1424
IVE	1297968653	price	64.1415
IVE	1297969031	price	64.1499
IVE	1297969079	price	64.1466
IVE	1297969181	price	64.16
IVE	1297969181	bid	64.15
IVE	1297969181	ask	64.16
IVE	1297969191	price	64.154
IVE	1297969193	price	64.158
IVE	1297969196	price	64.1571
IVE	1297969253	price	64.1662
IVE	1297969253	bid	64.16
IVE	1297969253	ask	64.17
IVE	1297969300	price	64.17
IVE	1297969300	bid	64.17
IVE	1297969300	ask	64.18
IVE	1297969303	bid	64.16
IVE	1297969303	ask	64.17
IVE	1297969391	price	64.1662
IVE	1297969465	price	64.16
IVE	1297969465	ask	64.16
IVE	1297969493	bid	64.15
IVE	1297969493	price	64.17
IVE	1297969493	bid	64.16
IVE	1297969493	ask	64.17
IVE	1297969493	price	64.1676
IVE	1297969500	price	64.16
IVE	1297969692	price	64.1501
IVE	1297969692	bid	64.15
IVE	1297969692	ask	64.16
IVE	1297969692	price	64.15
IVE	1297969692	bid	64.14
IVE	1297969692	ask	64.15
IVE	1297969692	price	64.14
IVE	1297969719	price	64.15
IVE	1297969719	bid	64.15
IVE	1297969719	ask	64.16
IVE	1297969877	price	64.1401
IVE	1297969877	bid	64.14
IVE	1297969877	ask	64.15
IVE	1297969894	price	64.15
IVE	1297969894	bid	64.15
IVE	1297969894	ask	64.16
IVE	1297969986	price	64.1599
IVE	1297970081	price	64.1622
IVE	1297970081	bid	64.16
IVE	1297970081	ask	64.17
IVE	1297970140	price	64.16
IVE	1297970170	price	64.1699
IVE	1297970197	price	64.17
IVE	1297970230	price	64.18
IVE	1297970230	bid	64.17
IVE	1297970230	ask	64.18
IVE	1297970230	bid	64.18
IVE	1297970230	ask	64.19
IVE	1297970237	price	64.19
IVE	1297970237	price	64.2
IVE	1297970237	bid	64.19
IVE	1297970237	ask	64.2
IVE	1297970243	price	64.19
IVE	1297970243	ask	64.19
IVE	1297970299	ask	64.2
IVE	1297970300	bid	64.18
IVE	1297970300	ask	64.19
IVE	1297970300	price	64.18
IVE	1297970300	bid	64.17
IVE	1297970300	ask	64.18
IVE	1297970305	bid	64.18
IVE	1297970305	ask	64.19
IVE	1297970305	price	64.19
IVE	1297970305	bid	64.19
IVE	1297970336	price	64.2
IVE	1297970336	bid	64.2
IVE	1297970336	ask	64.2
IVE	1297970336	ask	64.21
IVE	1297970360	ask	64.2
IVE	1297970363	ask	64.21
IVE	1297970386	bid	64.19
IVE	1297970386	ask	64.2
IVE	1297970391	price	64.2099
IVE	1297970391	bid	64.2
IVE	1297970391	ask	64.21
IVE	1297970394	price	64.2028
IVE	1297970401	price	64.21
IVE	1297970415	price	64.2049
IVE	1297970419	price	64.2
IVE	1297970454	price	64.19
IVE	1297970454	bid	64.18
IVE	1297970454	ask	64.19
IVE	1297970561	price	64.17
IVE	1297970561	bid	64.17
IVE	1297970561	ask	64.18
IVE	1297970567	price	64.172
IVE	1297970576	price	64.1726
IVE	1297970621	price	64.17
IVE	1297970621	bid	64.16
IVE	1297970621	ask	64.17
IVE	1297970645	bid	64.15
IVE	1297970645	ask	64.16
IVE	1297970646	price	64.18
IVE	1297970646	bid	64.17
IVE	1297970646	ask	64.18
IVE	1297970647	bid	64.18
IVE	1297970647	ask	64.19
IVE	1297970654	bid	64.17
IVE	1297970654	ask	64.18
IVE	1297970729	price	64.16
IVE	1297970729	bid	64.16
IVE	1297970729	ask	64.17
IVE	1297970758	ask	64.18
IVE	1297970774	price	64.17
IVE	1297970774	bid	64.17
IVE	1297970774	price	64.179
IVE	1297970775	price	64.169
IVE	1297970776	price	64.178
IVE	1297970817	price	64.1719
IVE	1297970828	price	64.17
IVE	1297970828	bid	64.16
IVE	1297970828	ask	64.17
IVE	1297970828	price	64.16
IVE	1297970828	bid	64.15
IVE	1297970828	ask	64.16
IVE	1297970828	bid	64.16
IVE	1297970828	ask	64.17
IVE	1297970828	price	64.17
IVE	1297970831	price	64.1662
IVE	1297970843	price	64.16
IVE	1297970843	bid	64.15
IVE	1297970843	ask	64.16
IVE	1297970875	price	64.15
IVE	1297970875	bid	64.14
IVE	1297970875	ask	64.15
IVE	1297970904	bid	64.15
IVE	1297970904	ask	64.16
IVE	1297970908	bid	64.14
IVE	1297970908	ask	64.15
IVE	1297970920	price	64.1402
IVE	1297970938	price	64.13
IVE	1297970938	bid	64.13
IVE	1297970938	ask	64.14
IVE	1297970940	bid	64.12
IVE	1297970940	ask	64.13
IVE	1297970943	bid	64.13
IVE	1297970943	ask	64.14
IVE	1297971060	price	64.138
IVE	1297971069	price	64.1334
IVE	1297971080	price	64.1399
IVE	1297971081	price	64.1301
IVE	1297971084	price	64.13
IVE	1297971084	bid	64.12
IVE	1297971084	ask	64.13
IVE	1297971178	price	64.1346
IVE	1297971178	bid	64.13
IVE	1297971178	ask	64.14
IVE	1297971213	price	64.1428
IVE	1297971213	bid	64.14
IVE	1297971213	ask	64.15
IVE	1297971277	price	64.15
IVE	1297971277	bid	64.15
IVE	1297971284	price	64.158
IVE	1297971284	ask	64.16
IVE	1297971306	price	64.152
IVE	1297971343	price	64.1501
IVE	1297971397	price	64.15
IVE	1297971397	bid	64.14
IVE	1297971397	ask	64.15
IVE	1297971410	price	64.1492
IVE	1297971561	price	64.1562
IVE	1297971561	bid	64.15
IVE	1297971561	ask	64.16
IVE	1297971592	price	64.1578
IVE	1297971645	price	64.154
IVE	1297971718	price	64.1462
IVE	1297971718	bid	64.14
IVE	1297971718	ask	64.15
IVE	1297971782	price	64.158
IVE	1297971782	bid	64.15
IVE	1297971782	ask	64.16
IVE	1297971797	price	64.1536
IVE	1297971797	bid	64.14
IVE	1297971832	price	64.1438
IVE	1297971832	ask	64.15
IVE	1297971842	price	64.142
IVE	1297971905	price	64.1562
IVE	1297971905	bid	64.15
IVE	1297971905	ask	64.16
IVE	1297971985	price	64.1399
IVE	1297971985	bid	64.12
IVE	1297971985	ask	64.14
IVE	1297972065	price	64.1315
IVE	1297972065	bid	64.13
IVE	1297972109	price	64.15
IVE	1297972109	bid	64.15
IVE	1297972109	ask	64.15
IVE	1297972134	price	64.1338
IVE	1297972134	bid	64.13
IVE	1297972134	ask	64.14
IVE	1297972174	price	64.1424
IVE	1297972174	ask	64.15
IVE	1297972221	price	64.1578
IVE	1297972221	bid	64.15
IVE	1297972221	ask	64.16
IVE	1297972274	price	64.1585
IVE	1297972300	price	64.166
IVE	1297972300	bid	64.16
IVE	1297972300	ask	64.17
IVE	1297972443	price	64.16
IVE	1297972443	bid	64.15
IVE	1297972443	ask	64.16
IVE	1297972444	price	64.17
IVE	1297972444	bid	64.16
IVE	1297972444	ask	64.17
IVE	1297972502	price	64.1599
IVE	1297972502	bid	64.15
IVE	1297972502	ask	64.16
IVE	1297972653	price	64.16
IVE	1297972653	bid	64.16
IVE	1297972653	ask	64.17
IVE	1297972681	price	64.1722
IVE	1297972681	bid	64.17
IVE	1297972681	ask	64.18
IVE	1297972683	price	64.1728
IVE	1297972709	price	64.1799
IVE	1297972709	bid	64.16
IVE	1297972716	price	64.1601
IVE	1297972769	price	64.19
IVE	1297972769	bid	64.19
IVE	1297972769	ask	64.19
IVE	1297972782	price	64.1932
IVE	1297972782	ask	64.2
IVE	1297972787	price	64.1881
IVE	1297972787	bid	64.18
IVE	1297972787	ask	64.19
IVE	1297972869	price	64.174
IVE	1297972869	bid	64.17
IVE	1297972917	price	64.16
IVE	1297972917	bid	64.16
IVE	1297972917	ask	64.17
IVE	1297972939	price	64.17
IVE	1297972939	bid	64.17
IVE	1297972939	ask	64.18
IVE	1297972939	price	64.18
IVE	1297973001	price	64.1764
IVE	1297973001	ask	64.19
IVE	1297973158	price	64.1756
IVE	1297973205	price	64.1799
IVE	1297973205	ask	64.18
IVE	1297973210	price	64.178
IVE	1297973286	price	64.1719
IVE	1297973286	ask	64.19
IVE	1297973548	price	64.178
IVE	1297973548	ask	64.18
IVE	1297973573	price	64.17
IVE	1297973592	price	64.16
IVE	1297973592	bid	64.16
IVE	1297973592	ask	64.17
IVE	1297973788	price	64.2
IVE	1297973788	bid	64.19
IVE	1297973788	ask	64.2
IVE	1297973797	bid	64.2
IVE	1297973797	ask	64.21
IVE	1297973856	bid	64.19
IVE	1297973856	ask	64.2
IVE	1297973863	bid	64.2
IVE	1297973863	ask	64.21
IVE	1297973863	price	64.21
IVE	1297974058	price	64.199
IVE	1297974058	bid	64.19
IVE	1297974058	ask	64.2
IVE	1297974058	price	64.2
IVE	1297974059	price	64.198
IVE	1297974059	price	64.199
IVE	1297974065	price	64.2
IVE	1297974065	bid	64.2
IVE	1297974065	ask	64.21
IVE	1297974065	price	64.21
IVE	1297974065	bid	64.21
IVE	1297974065	ask	64.22
IVE	1297974070	bid	64.2
IVE	1297974070	ask	64.21
IVE	1297974259	bid	64.21
IVE	1297974259	ask	64.22
IVE	1297974259	price	64.2099
IVE	1297974304	price	64.22
IVE	1297974304	bid	64.22
IVE	1297974304	ask	64.23
IVE	1297974313	price	64.23
IVE	1297974313	bid	64.23
IVE	1297974313	ask	64.24
IVE	1297974351	price	64.232
IVE	1297974438	price	64.23
IVE	1297974438	bid	64.22
IVE	1297974438	ask	64.23
IVE	1297974438	price	64.221
IVE	1297974440	price	64.232
IVE	1297974456	price	64.22
IVE	1297974456	bid	64.21
IVE	1297974456	ask	64.22
IVE	1297974456	price	64.21
IVE	1297974457	bid	64.2
IVE	1297974494	price	64.2
IVE	1297974494	bid	64.19
IVE	1297974494	ask	64.2
IVE	1297974516	price	64.21
IVE	1297974516	bid	64.2
IVE	1297974516	ask	64.21
IVE	1297974516	price	64.2098
IVE	1297974592	price	64.218
IVE	1297974592	bid	64.21
IVE	1297974592	ask	64.22
IVE	1297974602	price	64.2052
IVE	1297974602	bid	64.2
IVE	1297974669	price	64.2199
IVE	1297974669	bid	64.21
IVE	1297974685	price	64.2
IVE	1297974685	bid	64.2
IVE	1297974685	ask	64.21
IVE	1297974688	price	64.2099
IVE	1297974688	bid	64.19
IVE	1297974789	price	64.1864
IVE	1297974789	bid	64.18
IVE	1297974789	ask	64.19
IVE	1297974837	price	64.18
IVE	1297974837	bid	64.17
IVE	1297974837	ask	64.18
IVE	1297974871	price	64.17
IVE	1297974871	bid	64.16
IVE	1297974871	ask	64.17
IVE	1297974872	price	64.16
IVE	1297974878	price	64.17
IVE	1297974886	bid	64.17
IVE	1297974964	price	64.18
IVE	1297974964	bid	64.18
IVE	1297974964	ask	64.19
IVE	1297975029	price	64.19
IVE	1297975029	bid	64.19
IVE	1297975141	price	64.1999
IVE	1297975141	ask	64.2
IVE	1297975224	price	64.19
IVE	1297975224	bid	64.18
IVE	1297975224	ask	64.19
IVE	1297975285	bid	64.19
IVE	1297975285	ask	64.2
IVE	1297975312	price	64.1981
IVE	1297975351	price	64.1988
IVE	1297975376	price	64.1901
IVE	1297975376	price	64.19
IVE	1297975376	price	64.1902
IVE	1297975376	price	64.1901
IVE	1297975376	price	64.19
IVE	1297975386	price	64.2
IVE	1297975386	bid	64.2
IVE	1297975410	price	64.22
IVE	1297975410	bid	64.21
IVE	1297975410	ask	64.23
IVE	1297975410	price	64.21
IVE	1297975410	ask	64.22
IVE	1297975410	price	64.22
IVE	1297975410	price	64.21
IVE	1297975486	price	64.2129
IVE	1297975498	price	64.22
IVE	1297975499	bid	64.22
IVE	1297975499	ask	64.23
IVE	1297975500	price	64.24
IVE	1297975500	bid	64.23
IVE	1297975500	ask	64.24
IVE	1297975500	price	64.23
IVE	1297975500	price	64.24
IVE	1297975519	price	64.23
IVE	1297975520	bid	64.22
IVE	1297975520	ask	64.23
IVE	1297975549	price	64.218
IVE	1297975549	bid	64.21
IVE	1297975549	ask	64.22
IVE	1297975561	price	64.2
IVE	1297975561	bid	64.2
IVE	1297975561	ask	64.21
IVE	1297975565	price	64.19
IVE	1297975565	bid	64.18
IVE	1297975565	ask	64.19
IVE	1297975566	bid	64.19
IVE	1297975624	price	64.1901
IVE	1297975624	ask	64.2
IVE	1297975705	price	64.208
IVE	1297975705	bid	64.2
IVE	1297975705	ask	64.21
IVE	1297975743	price	64.21
IVE	1297975743	price	64.2
IVE	1297975743	price	64.21
IVE	1297975743	price	64.2
IVE	1297975791	price	64.21
IVE	1297975799	price	64.2
IVE	1297975799	price	64.21
IVE	1297975810	price	64.2
IVE	1297975816	bid	64.19
IVE	1297975816	ask	64.2
IVE	1297975839	price	64.19
IVE	1297975862	price	64.18
IVE	1297975862	bid	64.18
IVE	1297975862	ask	64.19
IVE	1297975862	price	64.19
IVE	1297975882	bid	64.19
IVE	1297975882	ask	64.2
IVE	1297975906	bid	64.18
IVE	1297975923	bid	64.19
IVE	1297975968	price	64.1938
IVE	1297976037	price	64.17
IVE	1297976037	bid	64.17
IVE	1297976037	ask	64.18
IVE	1297976037	bid	64.16
IVE	1297976037	ask	64.17
IVE	1297976041	bid	64.17
IVE	1297976041	ask	64.18
IVE	1297976061	price	64.18
IVE	1297976087	price	64.19
IVE	1297976087	bid	64.19
IVE	1297976087	ask	64.2
IVE	1297976105	price	64.2
IVE	1297976105	bid	64.2
IVE	1297976123	price	64.21
IVE	1297976123	bid	64.21
IVE	1297976123	ask	64.22
IVE	1297976123	ask	64.21
IVE	1297976158	price	64.18
IVE	1297976158	bid	64.18
IVE	1297976158	ask	64.19
IVE	1297976209	price	64.1764
IVE	1297976209	bid	64.17
IVE	1297976209	ask	64.18
IVE	1297976224	price	64.18
IVE	1297976224	ask	64.19
IVE	1297976224	price	64.19
IVE	1297976224	bid	64.19
IVE	1297976224	ask	64.2
IVE	1297976225	bid	64.18
IVE	1297976225	ask	64.19
IVE	1297976225	bid	64.19
IVE	1297976225	ask	64.2
IVE	1297976300	price	64.175
IVE	1297976300	bid	64.17
IVE	1297976300	ask	64.18
IVE	1297976300	price	64.17
IVE	1297976318	price	64.1722
IVE	1297976332	price	64.17
IVE	1297976332	price	64.1701
IVE	1297976364	price	64.17
IVE	1297976399	price	64.15
IVE	1297976399	bid	64.15
