IVE	1296052136	price	61.82
IVE	1296052136	bid	61.77
IVE	1296052136	ask	61.82
IVE	1296052200	price	61.81
IVE	1296052200	bid	61.75
IVE	1296052200	ask	61.81
IVE	1296052200	price	61.78
IVE	1296052200	ask	61.8
IVE	1296052200	price	61.81
IVE	1296052233	price	61.8
IVE	1296052233	bid	61.8
IVE	1296052233	ask	61.81
IVE	1296052233	bid	61.77
IVE	1296052233	ask	61.8
IVE	1296052236	price	61.773
IVE	1296052246	price	61.7886
IVE	1296052246	bid	61.76
IVE	1296052246	ask	61.79
IVE	1296052261	price	61.76
IVE	1296052261	ask	61.78
IVE	1296052278	price	61.7998
IVE	1296052278	bid	61.77
IVE	1296052278	ask	61.79
IVE	1296052402	price	61.79
IVE	1296052402	bid	61.79
IVE	1296052402	ask	61.8
IVE	1296052404	price	61.78
IVE	1296052404	bid	61.76
IVE	1296052404	ask	61.78
IVE	1296052454	bid	61.77
IVE	1296052497	ask	61.79
IVE	1296052531	price	61.82
IVE	1296052531	bid	61.8
IVE	1296052531	ask	61.82
IVE	1296052534	bid	61.82
IVE	1296052534	ask	61.83
IVE	1296052570	bid	61.81
IVE	1296052572	price	61.8
IVE	1296052572	bid	61.8
IVE	1296052572	ask	61.8
IVE	1296052585	bid	61.78
IVE	1296052585	ask	61.81
IVE	1296052587	price	61.7914
IVE	1296052587	bid	61.79
IVE	1296052588	price	61.8
IVE	1296052588	bid	61.8
IVE	1296052599	bid	61.79
IVE	1296052599	ask	61.8
IVE	1296052599	bid	61.8
IVE	1296052599	ask	61.81
IVE	1296052601	price	61.79
IVE	1296052601	bid	61.79
IVE	1296052601	ask	61.8
IVE	1296052609	price	61.78
IVE	1296052609	bid	61.78
IVE	1296052609	ask	61.79
IVE	1296052610	bid	61.77
IVE	1296052617	price	61.764
IVE	1296052617	bid	61.76
IVE	1296052617	ask	61.78
IVE	1296052630	price	61.76
IVE	1296052638	price	61.78
IVE	1296052638	bid	61.78
IVE	1296052638	ask	61.79
IVE	1296052648	price	61.8
IVE	1296052648	ask	61.8
IVE	1296052655	price	61.79
IVE	1296052655	bid	61.79
IVE	1296052665	price	61.78
IVE	1296052665	bid	61.78
IVE	1296052665	ask	61.79
IVE	1296052701	price	61.7773
IVE	1296052701	bid	61.76
IVE	1296052701	ask	61.78
IVE	1296052701	price	61.779
IVE	1296052747	price	61.77
IVE	1296052747	ask	61.79
IVE	1296052811	price	61.74
IVE	1296052811	bid	61.73
IVE	1296052811	ask	61.74
IVE	1296052811	price	61.73
IVE	1296052811	bid	61.72
IVE	1296052811	ask	61.73
IVE	1296052827	price	61.7176
IVE	1296052827	bid	61.71
IVE	1296052841	price	61.74
IVE	1296052841	bid	61.74
IVE	1296052841	ask	61.75
IVE	1296052841	price	61.7398
IVE	1296052841	price	61.74
IVE	1296052841	bid	61.73
IVE	1296052841	ask	61.74
IVE	1296052841	price	61.749
IVE	1296052844	price	61.738
IVE	1296052844	ask	61.75
IVE	1296052849	price	61.73
IVE	1296052849	bid	61.72
IVE	1296052849	ask	61.73
IVE	1296052860	price	61.7364
IVE	1296052860	bid	61.73
IVE	1296052860	ask	61.74
IVE	1296052893	price	61.7
IVE	1296052893	bid	61.7
IVE	1296052893	ask	61.71
IVE	1296052893	price	61.71
IVE	1296052893	bid	61.69
IVE	1296052893	ask	61.7
IVE	1296052898	price	61.69
IVE	1296052898	bid	61.68
IVE	1296052945	price	61.7099
IVE	1296052945	bid	61.69
IVE	1296052945	ask	61.71
IVE	1296052948	price	61.71
IVE	1296052948	bid	61.7
IVE	1296052948	ask	61.72
IVE	1296053055	price	61.74
IVE	1296053055	bid	61.72
IVE	1296053055	ask	61.74
IVE	1296053060	price	61.724
IVE	1296053060	bid	61.73
IVE	1296053084	price	61.75
IVE	1296053084	bid	61.75
IVE	1296053084	ask	61.76
IVE	1296053088	price	61.76
IVE	1296053088	bid	61.76
IVE	1296053088	ask	61.77
IVE	1296053098	bid	61.75
IVE	1296053098	ask	61.76
IVE	1296053133	price	61.756
IVE	1296053133	bid	61.74
IVE	1296053243	price	61.74
IVE	1296053243	bid	61.73
IVE	1296053243	ask	61.75
IVE	1296053283	price	61.73
IVE	1296053283	ask	61.73
IVE	1296053291	price	61.72
IVE	1296053291	bid	61.71
IVE	1296053291	ask	61.72
IVE	1296053342	bid	61.72
IVE	1296053342	ask	61.73
IVE	1296053342	bid	61.71
IVE	1296053342	ask	61.72
IVE	1296053347	price	61.7119
IVE	1296053347	ask	61.73
IVE	1296053361	price	61.7288
IVE	1296053419	price	61.71
IVE	1296053419	ask	61.72
IVE	1296053420	price	61.72
IVE	1296053420	bid	61.7
IVE	1296053482	bid	61.71
IVE	1296053487	price	61.71
IVE	1296053487	ask	61.71
IVE	1296053503	bid	61.7
IVE	1296053679	price	61.75
IVE	1296053679	bid	61.74
IVE	1296053679	ask	61.75
IVE	1296053680	bid	61.75
IVE	1296053680	ask	61.76
IVE	1296053680	price	61.76
IVE	1296053680	bid	61.76
IVE	1296053693	bid	61.75
IVE	1296053693	price	61.75
IVE	1296053693	price	61.74
IVE	1296053693	bid	61.74
IVE	1296053693	ask	61.75
IVE	1296053693	bid	61.73
IVE	1296053693	ask	61.74
IVE	1296053799	price	61.754
IVE	1296053799	bid	61.75
IVE	1296053799	ask	61.77
IVE	1296053816	price	61.75
IVE	1296053863	price	61.779
IVE	1296053863	bid	61.76
IVE	1296053863	ask	61.78
IVE	1296053885	price	61.77
IVE	1296053886	price	61.762
IVE	1296053902	price	61.76
IVE	1296053902	bid	61.75
IVE	1296053902	ask	61.76
IVE	1296053903	price	61.75
IVE	1296053903	ask	61.75
IVE	1296053903	price	61.74
IVE	1296053903	bid	61.73
IVE	1296053977	price	61.76
IVE	1296053977	bid	61.75
IVE	1296053977	ask	61.78
IVE	1296053990	price	61.75
IVE	1296053990	bid	61.76
IVE	1296053990	ask	61.77
IVE	1296053992	price	61.76
IVE	1296053992	bid	61.75
IVE	1296053992	ask	61.79
IVE	1296054001	price	61.79
IVE	1296054001	bid	61.76
IVE	1296054008	price	61.7708
IVE	1296054016	price	61.789
IVE	1296054016	bid	61.77
IVE	1296054152	price	61.78
IVE	1296054152	bid	61.78
IVE	1296054152	price	61.77
IVE	1296054152	bid	61.77
IVE	1296054152	ask	61.78
IVE	1296054152	ask	61.77
IVE	1296054152	price	61.78
IVE	1296054152	bid	61.75
IVE	1296054152	price	61.76
IVE	1296054156	price	61.77
IVE	1296054157	price	61.768
IVE	1296054224	price	61.771
IVE	1296054224	bid	61.77
IVE	1296054224	ask	61.78
IVE	1296054257	price	61.78
IVE	1296054257	bid	61.78
IVE	1296054257	ask	61.79
IVE	1296054257	price	61.7897
IVE	1296054262	price	61.79
IVE	1296054262	bid	61.79
IVE	1296054262	price	61.8
IVE	1296054262	ask	61.8
IVE	1296054271	price	61.78
IVE	1296054271	bid	61.78
IVE	1296054271	ask	61.79
IVE	1296054318	price	61.74
IVE	1296054318	bid	61.73
IVE	1296054318	ask	61.74
IVE	1296054329	price	61.75
IVE	1296054329	bid	61.74
IVE	1296054329	ask	61.76
IVE	1296054379	price	61.77
IVE	1296054379	bid	61.76
IVE	1296054379	ask	61.77
IVE	1296054380	price	61.768
IVE	1296054420	price	61.76
IVE	1296054430	bid	61.75
IVE	1296054438	ask	61.76
IVE	1296054440	bid	61.76
IVE	1296054440	ask	61.77
IVE	1296054494	price	61.78
IVE	1296054494	bid	61.78
IVE	1296054494	ask	61.79
IVE	1296054494	ask	61.78
IVE	1296054498	price	61.77
IVE	1296054498	bid	61.76
IVE	1296054504	ask	61.77
IVE	1296054515	price	61.772
IVE	1296054515	bid	61.77
IVE	1296054515	ask	61.78
IVE	1296054530	price	61.79
IVE	1296054530	bid	61.78
IVE	1296054530	ask	61.79
IVE	1296054531	price	61.81
IVE	1296054531	bid	61.81
IVE	1296054531	ask	61.82
IVE	1296054533	price	61.82
IVE	1296054533	price	61.81
IVE	1296054533	price	61.82
IVE	1296054534	bid	61.82
IVE	1296054534	ask	61.83
IVE	1296054551	price	61.83
IVE	1296054551	bid	61.83
IVE	1296054551	ask	61.84
IVE	1296054579	price	61.85
IVE	1296054579	bid	61.85
IVE	1296054579	ask	61.86
IVE	1296054583	price	61.8438
IVE	1296054583	bid	61.84
IVE	1296054583	ask	61.85
IVE	1296054592	price	61.84
IVE	1296054601	price	61.846
IVE	1296054601	bid	61.83
IVE	1296054644	price	61.83
IVE	1296054644	bid	61.82
IVE	1296054644	ask	61.83
IVE	1296054652	price	61.8362
IVE	1296054652	bid	61.83
IVE	1296054652	ask	61.85
IVE	1296054654	price	61.83
IVE	1296054654	ask	61.84
IVE	1296054654	price	61.82
IVE	1296054654	bid	61.82
IVE	1296054654	ask	61.83
IVE	1296054655	price	61.83
IVE	1296054668	price	61.81
IVE	1296054668	bid	61.8
IVE	1296054668	ask	61.81
IVE	1296054669	price	61.8
IVE	1296054691	price	61.82
IVE	1296054691	bid	61.81
IVE	1296054691	ask	61.83
IVE	1296054721	price	61.838
IVE	1296054721	bid	61.82
IVE	1296054721	ask	61.84
IVE	1296054735	price	61.85
IVE	1296054735	bid	61.84
IVE	1296054735	ask	61.85
IVE	1296054735	bid	61.85
IVE	1296054735	ask	61.86
IVE	1296054747	price	61.86
IVE	1296054769	price	61.88
IVE	1296054769	bid	61.87
IVE	1296054769	ask	61.88
IVE	1296054796	price	61.89
IVE	1296054796	bid	61.89
IVE	1296054796	ask	61.9
IVE	1296054799	price	61.9008
IVE	1296054799	ask	61.91
IVE	1296054822	price	61.89
IVE	1296054822	ask	61.9
IVE	1296054943	price	61.91
IVE	1296054943	bid	61.9
IVE	1296054943	ask	61.91
IVE	1296054947	price	61.919
IVE	1296054947	bid	61.91
IVE	1296054947	ask	61.92
IVE	1296054948	price	61.92
IVE	1296054948	ask	61.93
IVE	1296054961	bid	61.92
IVE	1296054970	bid	61.91
IVE	1296054978	price	61.91
IVE	1296054978	ask	61.92
IVE	1296054992	price	61.9
IVE	1296054992	bid	61.9
IVE	1296054992	ask	61.91
IVE	1296054992	bid	61.89
IVE	1296054992	ask	61.9
IVE	1296055001	price	61.882
IVE	1296055001	bid	61.88
IVE	1296055001	ask	61.89
IVE	1296055018	price	61.89
IVE	1296055070	price	61.86
IVE	1296055070	bid	61.86
IVE	1296055070	ask	61.87
IVE	1296055073	price	61.85
IVE	1296055073	bid	61.84
IVE	1296055073	ask	61.85
IVE	1296055134	price	61.86
IVE	1296055134	bid	61.85
IVE	1296055134	ask	61.86
IVE	1296055168	price	61.863
IVE	1296055168	ask	61.87
IVE	1296055173	price	61.864
IVE	1296055173	bid	61.86
IVE	1296055173	ask	61.88
IVE	1296055204	price	61.8733
IVE	1296055204	bid	61.87
IVE	1296055204	price	61.8768
IVE	1296055305	price	61.89
IVE	1296055305	bid	61.88
IVE	1296055305	ask	61.9
IVE	1296055311	bid	61.89
IVE	1296055311	price	61.9068
IVE	1296055311	ask	61.91
IVE	1296055317	price	61.9
IVE	1296055317	ask	61.9
IVE	1296055317	bid	61.9
IVE	1296055317	ask	61.91
IVE	1296055318	bid	61.89
IVE	1296055321	ask	61.9
IVE	1296055321	bid	61.9
IVE	1296055321	ask	61.91
IVE	1296055329	ask	61.9
IVE	1296055329	bid	61.89
IVE	1296055329	bid	61.9
IVE	1296055329	ask	61.91
IVE	1296055332	price	61.894
IVE	1296055333	price	61.91
IVE	1296055333	bid	61.91
IVE	1296055333	ask	61.92
IVE	1296055341	ask	61.91
IVE	1296055358	price	61.92
IVE	1296055358	bid	61.92
IVE	1296055358	ask	61.93
IVE	1296055361	price	61.94
IVE	1296055361	bid	61.93
IVE	1296055361	ask	61.94
IVE	1296055361	ask	61.95
IVE	1296055362	price	61.9362
IVE	1296055362	ask	61.94
IVE	1296055364	price	61.9361
IVE	1296055371	price	61.93
IVE	1296055372	bid	61.92
IVE	1296055372	ask	61.93
IVE	1296055393	price	61.94
IVE	1296055393	bid	61.93
IVE	1296055393	ask	61.94
IVE	1296055429	price	61.92
IVE	1296055429	bid	61.92
IVE	1296055470	price	61.93
IVE	1296055470	ask	61.93
IVE	1296055470	bid	61.93
IVE	1296055498	price	61.94
IVE	1296055498	bid	61.94
IVE	1296055498	ask	61.94
IVE	1296055499	price	61.95
IVE	1296055499	ask	61.95
IVE	1296055499	bid	61.95
IVE	1296055499	ask	61.96
IVE	1296055525	price	61.94
IVE	1296055525	bid	61.93
IVE	1296055525	ask	61.95
IVE	1296055530	price	61.95
IVE	1296055530	bid	61.95
IVE	1296055530	ask	61.96
IVE	1296055530	ask	61.95
IVE	1296055530	ask	61.96
IVE	1296055531	bid	61.94
IVE	1296055531	ask	61.95
IVE	1296055577	price	61.9481
IVE	1296055577	bid	61.93
IVE	1296055601	price	61.95
IVE	1296055601	bid	61.94
IVE	1296055603	bid	61.95
IVE	1296055603	ask	61.96
IVE	1296055603	price	61.96
IVE	1296055611	bid	61.96
IVE	1296055611	ask	61.97
IVE	1296055611	bid	61.95
IVE	1296055611	ask	61.96
IVE	1296055698	price	61.95
IVE	1296055698	bid	61.94
IVE	1296055698	ask	61.95
IVE	1296055762	price	61.97
IVE	1296055762	bid	61.97
IVE	1296055762	ask	61.98
IVE	1296055764	price	61.98
IVE	1296055764	bid	61.98
IVE	1296055764	ask	61.99
IVE	1296055786	price	61.97
IVE	1296055786	bid	61.96
IVE	1296055786	ask	61.98
IVE	1296055855	bid	61.97
IVE	1296055855	bid	61.96
IVE	1296055938	price	61.9538
IVE	1296055938	bid	61.95
IVE	1296055938	ask	61.96
IVE	1296055990	price	61.92
IVE	1296055990	bid	61.92
IVE	1296055990	ask	61.93
IVE	1296056132	price	61.9
IVE	1296056132	bid	61.9
IVE	1296056132	ask	61.91
IVE	1296056180	price	61.896
IVE	1296056180	bid	61.88
IVE	1296056180	ask	61.9
IVE	1296056186	price	61.8884
IVE	1296056186	ask	61.89
IVE	1296056226	price	61.896
IVE	1296056226	ask	61.9
IVE	1296056314	price	61.88
IVE	1296056369	price	61.8976
IVE	1296056369	bid	61.89
IVE	1296056369	ask	61.91
IVE	1296056475	price	61.91
IVE	1296056475	bid	61.9
IVE	1296056530	price	61.93
IVE	1296056530	bid	61.93
IVE	1296056530	ask	61.94
IVE	1296056561	price	61.95
IVE	1296056561	bid	61.94
IVE	1296056561	ask	61.95
IVE	1296056562	price	61.96
IVE	1296056562	bid	61.95
IVE	1296056562	ask	61.96
IVE	1296056562	bid	61.96
IVE	1296056562	ask	61.97
IVE	1296056563	bid	61.95
IVE	1296056563	ask	61.96
IVE	1296056611	price	61.97
IVE	1296056611	bid	61.96
IVE	1296056611	ask	61.98
IVE	1296056635	price	62.0
IVE	1296056635	bid	61.99
IVE	1296056635	ask	62.0
IVE	1296056639	bid	61.98
IVE	1296056641	price	61.99
IVE	1296056641	bid	61.99
IVE	1296056649	price	61.9981
IVE	1296056668	price	62.0
IVE	1296056668	price	61.992
IVE	1296056668	price	61.9999
IVE	1296056668	ask	62.01
IVE	1296056668	price	62.0
IVE	1296056686	price	61.9974
IVE	1296056686	ask	62.0
IVE	1296056687	price	61.99
IVE	1296056717	price	61.97
IVE	1296056717	bid	61.97
IVE	1296056717	ask	61.99
IVE	1296056743	price	62.0
IVE	1296056743	bid	61.99
IVE	1296056743	ask	62.0
IVE	1296056772	price	61.99
IVE	1296056772	ask	61.99
IVE	1296056840	price	61.98
IVE	1296056840	bid	61.97
IVE	1296056840	ask	61.98
IVE	1296056840	bid	61.98
IVE	1296056840	ask	61.99
IVE	1296056855	price	61.9848
IVE	1296056855	bid	61.97
IVE	1296056890	price	61.96
IVE	1296056890	bid	61.95
IVE	1296056890	ask	61.96
IVE	1296056951	price	61.976
IVE	1296056951	bid	61.96
IVE	1296056951	ask	61.98
IVE	1296057023	price	61.9401
IVE	1296057023	bid	61.94
IVE	1296057023	ask	61.96
IVE	1296057155	price	61.95
IVE	1296057158	bid	61.95
IVE	1296057158	ask	61.97
IVE	1296057329	price	61.9324
IVE	1296057329	bid	61.92
IVE	1296057329	ask	61.94
IVE	1296057349	price	61.92
IVE	1296057349	price	61.9343
IVE	1296057353	price	61.92
IVE	1296057353	bid	61.91
IVE	1296057353	ask	61.92
IVE	1296057353	price	61.9
IVE	1296057353	bid	61.9
IVE	1296057353	ask	61.9
IVE	1296057382	bid	61.89
IVE	1296057400	price	61.896
IVE	1296057400	bid	61.88
IVE	1296057409	price	61.8761
IVE	1296057409	bid	61.87
IVE	1296057409	ask	61.88
IVE	1296057422	price	61.885
IVE	1296057422	ask	61.89
IVE	1296057450	price	61.88
IVE	1296057450	bid	61.88
IVE	1296057469	bid	61.86
IVE	1296057469	ask	61.88
IVE	1296057472	price	61.8741
IVE	1296057492	price	61.8664
IVE	1296057494	price	61.8668
IVE	1296057494	ask	61.87
IVE	1296057511	price	61.87
IVE	1296057550	price	61.88
IVE	1296057550	bid	61.88
IVE	1296057550	ask	61.89
IVE	1296057581	price	61.8868
IVE	1296057581	bid	61.87
IVE	1296057585	price	61.89
IVE	1296057585	bid	61.88
IVE	1296057659	price	61.8564
IVE	1296057659	bid	61.85
IVE	1296057659	ask	61.87
IVE	1296057717	price	61.8664
IVE	1296057717	bid	61.86
IVE	1296057717	ask	61.88
IVE	1296057798	price	61.9199
IVE	1296057798	bid	61.9
IVE	1296057798	ask	61.92
IVE	1296057823	price	61.9
IVE	1296057823	bid	61.89
IVE	1296057823	ask	61.91
IVE	1296057843	price	61.91
IVE	1296057843	bid	61.9
IVE	1296057843	ask	61.92
IVE	1296057845	price	61.9076
IVE	1296057890	price	61.9136
IVE	1296057984	price	61.882
IVE	1296057984	bid	61.88
IVE	1296057984	ask	61.9
IVE	1296057998	price	61.909
IVE	1296057998	bid	61.9
IVE	1296057998	ask	61.91
IVE	1296058158	price	61.9199
IVE	1296058158	ask	61.92
IVE	1296058159	price	61.9155
IVE	1296058237	price	61.902
IVE	1296058237	ask	61.91
IVE	1296058276	price	61.904
IVE	1296058276	ask	61.92
IVE	1296058310	price	61.89
IVE	1296058310	bid	61.88
IVE	1296058310	ask	61.89
IVE	1296058333	price	61.8757
IVE	1296058333	bid	61.87
IVE	1296058535	price	61.9181
IVE	1296058535	bid	61.9
IVE	1296058535	ask	61.92
IVE	1296058691	price	61.879
IVE	1296058691	bid	61.87
IVE	1296058691	ask	61.88
IVE	1296058708	price	61.86
IVE	1296058708	bid	61.85
IVE	1296058708	ask	61.87
IVE	1296058741	price	61.8564
IVE	1296058803	price	61.85
IVE	1296058803	bid	61.84
IVE	1296058803	ask	61.85
IVE	1296058821	price	61.868
IVE	1296058821	bid	61.85
IVE	1296058821	ask	61.87
IVE	1296058900	price	61.857
IVE	1296058900	ask	61.86
IVE	1296058900	price	61.859
IVE	1296058901	price	61.85
IVE	1296058901	price	61.84
IVE	1296058901	ask	61.85
IVE	1296058901	bid	61.84
IVE	1296058901	price	61.83
IVE	1296058901	price	61.84
IVE	1296058901	bid	61.83
IVE	1296058901	ask	61.84
IVE	1296058902	price	61.83
IVE	1296058902	bid	61.81
IVE	1296058902	ask	61.83
IVE	1296058902	price	61.82
IVE	1296058902	price	61.81
IVE	1296058902	ask	61.81
IVE	1296058904	price	61.8
IVE	1296058904	bid	61.79
IVE	1296058904	ask	61.8
IVE	1296058924	price	61.82
IVE	1296058924	bid	61.82
IVE	1296058924	ask	61.83
IVE	1296058926	price	61.83
IVE	1296058928	price	61.8233
IVE	1296058939	price	61.81
IVE	1296058939	bid	61.81
IVE	1296058939	ask	61.82
IVE	1296058942	price	61.8
IVE	1296058942	bid	61.8
IVE	1296058942	ask	61.81
IVE	1296058969	price	61.81
IVE	1296058969	price	61.8
IVE	1296058969	bid	61.81
IVE	1296058969	ask	61.82
IVE	1296058978	price	61.82
IVE	1296058978	bid	61.82
IVE	1296058978	ask	61.83
IVE	1296058988	bid	61.81
IVE	1296059006	price	61.81
IVE	1296059006	ask	61.82
IVE	1296059006	ask	61.81
IVE	1296059006	bid	61.8
IVE	1296059017	price	61.8002
IVE	1296059017	price	61.8
IVE	1296059017	price	61.8062
IVE	1296059026	price	61.809
IVE	1296059049	price	61.8
IVE	1296059049	price	61.8019
IVE	1296059126	price	61.8128
IVE	1296059126	bid	61.81
IVE	1296059126	ask	61.82
IVE	1296059127	price	61.819
IVE	1296059208	price	61.8199
IVE	1296059270	price	61.82
IVE	1296059306	price	61.813
IVE	1296059306	bid	61.8
IVE	1296059316	price	61.8056
IVE	1296059344	price	61.79
IVE	1296059344	bid	61.78
IVE	1296059344	ask	61.79
IVE	1296059365	price	61.78
IVE	1296059365	bid	61.77
IVE	1296059405	ask	61.78
IVE	1296059426	price	61.79
IVE	1296059426	bid	61.78
IVE	1296059426	ask	61.8
IVE	1296059435	price	61.8
IVE	1296059435	bid	61.79
IVE	1296059436	price	61.7862
IVE	1296059436	bid	61.78
IVE	1296059436	ask	61.79
IVE	1296059466	price	61.8
IVE	1296059466	bid	61.79
IVE	1296059466	ask	61.8
IVE	1296059479	price	61.79
IVE	1296059479	bid	61.78
IVE	1296059519	price	61.8052
IVE	1296059519	bid	61.8
IVE	1296059519	ask	61.82
IVE	1296059535	price	61.8081
IVE	1296059535	ask	61.81
IVE	1296059548	price	61.8
IVE	1296059548	bid	61.79
IVE	1296059548	ask	61.8
IVE	1296059608	price	61.82
IVE	1296059608	bid	61.8
IVE	1296059608	ask	61.82
IVE	1296059635	bid	61.81
IVE	1296059649	price	61.81
IVE	1296059649	ask	61.81
IVE	1296059650	price	61.8
IVE	1296059650	bid	61.8
IVE	1296059650	ask	61.8
IVE	1296059688	price	61.791
IVE	1296059688	bid	61.79
IVE	1296059748	price	61.79
IVE	1296059748	bid	61.78
IVE	1296059748	ask	61.79
IVE	1296059790	price	61.81
IVE	1296059790	bid	61.8
IVE	1296059790	ask	61.81
IVE	1296059790	price	61.8001
IVE	1296059860	price	61.81
IVE	1296059913	bid	61.79
IVE	1296059924	price	61.79
IVE	1296059924	bid	61.78
IVE	1296059924	ask	61.8
IVE	1296059955	price	61.78
IVE	1296059955	ask	61.79
IVE	1296059955	price	61.77
IVE	1296059955	bid	61.76
IVE	1296059955	ask	61.77
IVE	1296060000	price	61.76
IVE	1296060000	bid	61.75
IVE	1296060000	ask	61.76
IVE	1296060001	price	61.7519
IVE	1296060001	bid	61.76
IVE	1296060001	ask	61.77
IVE	1296060018	price	61.79
IVE	1296060018	bid	61.79
IVE	1296060018	ask	61.8
IVE	1296060018	price	61.8
IVE	1296060018	bid	61.78
IVE	1296060021	price	61.7998
IVE	1296060024	price	61.79
IVE	1296060024	ask	61.79
IVE	1296060046	price	61.7801
IVE	1296060046	ask	61.8
IVE	1296060061	price	61.8
IVE	1296060061	bid	61.79
IVE	1296060132	price	61.81
IVE	1296060132	ask	61.81
IVE	1296060137	price	61.79
IVE	1296060137	bid	61.78
IVE	1296060137	ask	61.79
IVE	1296060167	price	61.8063
IVE	1296060167	bid	61.8
IVE	1296060167	ask	61.82
IVE	1296060202	price	61.82
IVE	1296060202	bid	61.82
IVE	1296060202	ask	61.83
IVE	1296060203	bid	61.81
IVE	1296060260	price	61.84
IVE	1296060260	bid	61.83
IVE	1296060260	ask	61.84
IVE	1296060269	price	61.83
IVE	1296060269	price	61.81
IVE	1296060269	bid	61.8
IVE	1296060269	ask	61.82
IVE	1296060270	bid	61.81
IVE	1296060272	price	61.8192
IVE	1296060272	ask	61.83
IVE	1296060292	price	61.826
IVE	1296060334	price	61.82
IVE	1296060378	bid	61.82
IVE	1296060384	price	61.83
IVE	1296060384	ask	61.84
IVE	1296060458	price	61.85
IVE	1296060458	bid	61.83
IVE	1296060458	ask	61.85
IVE	1296060480	bid	61.84
IVE	1296060518	price	61.86
IVE	1296060518	bid	61.86
IVE	1296060518	ask	61.87
IVE	1296060560	price	61.8639
IVE	1296060563	price	61.8681
IVE	1296060607	price	61.86
IVE	1296060607	price	61.8619
IVE	1296060618	price	61.87
IVE	1296060623	price	61.86
IVE	1296060623	bid	61.85
IVE	1296060623	ask	61.86
IVE	1296060680	price	61.861
IVE	1296060680	bid	61.86
IVE	1296060680	ask	61.87
IVE	1296060707	price	61.86
IVE	1296060707	bid	61.85
IVE	1296060707	bid	61.86
IVE	1296060711	price	61.84
IVE	1296060711	bid	61.84
IVE	1296060711	ask	61.85
IVE	1296060711	ask	61.84
IVE	1296060716	price	61.848
IVE	1296060716	bid	61.83
IVE	1296060716	ask	61.85
IVE	1296060781	price	61.83
IVE	1296060781	bid	61.82
IVE	1296060781	ask	61.83
IVE	1296060864	price	61.84
IVE	1296060864	bid	61.83
IVE	1296060864	ask	61.84
IVE	1296060891	price	61.83
IVE	1296060891	ask	61.83
IVE	1296060897	price	61.82
IVE	1296060897	bid	61.81
IVE	1296060897	ask	61.82
IVE	1296060905	price	61.83
IVE	1296060905	bid	61.83
IVE	1296060905	ask	61.84
IVE	1296060929	price	61.84
IVE	1296060929	ask	61.85
IVE	1296060963	ask	61.84
IVE	1296060965	price	61.8395
IVE	1296060965	price	61.839
IVE	1296060997	price	61.83
IVE	1296060997	bid	61.82
IVE	1296060997	ask	61.83
IVE	1296060999	price	61.82
IVE	1296060999	bid	61.81
IVE	1296060999	ask	61.82
IVE	1296061081	price	61.83
IVE	1296061081	bid	61.82
IVE	1296061081	ask	61.83
IVE	1296061109	price	61.8292
IVE	1296061109	ask	61.84
IVE	1296061110	price	61.8328
IVE	1296061140	price	61.84
IVE	1296061140	bid	61.83
IVE	1296061178	price	61.83
IVE	1296061178	bid	61.82
IVE	1296061178	ask	61.83
IVE	1296061235	price	61.84
IVE	1296061235	bid	61.83
IVE	1296061235	ask	61.84
IVE	1296061249	price	61.85
IVE	1296061249	bid	61.84
IVE	1296061249	ask	61.85
IVE	1296061262	price	61.8399
IVE	1296061262	bid	61.83
IVE	1296061262	ask	61.84
IVE	1296061309	price	61.85
IVE	1296061309	bid	61.84
IVE	1296061309	ask	61.85
IVE	1296061373	price	61.82
IVE	1296061373	bid	61.82
IVE	1296061373	ask	61.83
IVE	1296061373	ask	61.82
IVE	1296061380	price	61.81
IVE	1296061380	bid	61.81
IVE	1296061380	ask	61.81
IVE	1296061407	bid	61.8
IVE	1296061428	price	61.8
IVE	1296061428	ask	61.8
IVE	1296061488	price	61.79
IVE	1296061488	bid	61.78
IVE	1296061488	ask	61.79
IVE	1296061531	price	61.784
IVE	1296061531	ask	61.8
IVE	1296061590	price	61.8
IVE	1296061590	bid	61.79
IVE	1296061679	price	61.85
IVE	1296061679	bid	61.83
IVE	1296061679	ask	61.84
IVE	1296061679	price	61.84
IVE	1296061736	price	61.85
IVE	1296061736	bid	61.84
IVE	1296061736	ask	61.85
IVE	1296061805	price	61.87
IVE	1296061805	bid	61.87
IVE	1296061805	ask	61.88
IVE	1296061921	price	61.88
IVE	1296061973	price	61.878
IVE	1296061973	bid	61.86
IVE	1296061995	price	61.87
IVE	1296061995	ask	61.87
IVE	1296062092	price	61.8799
IVE	1296062092	bid	61.87
IVE	1296062092	ask	61.88
IVE	1296062096	price	61.88
IVE	1296062148	price	61.86
IVE	1296062148	bid	61.86
IVE	1296062148	ask	61.87
IVE	1296062188	price	61.85
IVE	1296062188	bid	61.85
IVE	1296062188	ask	61.86
IVE	1296062298	price	61.84
IVE	1296062298	bid	61.83
IVE	1296062298	ask	61.84
IVE	1296062350	price	61.83
IVE	1296062350	bid	61.82
IVE	1296062350	ask	61.83
IVE	1296062365	price	61.82
IVE	1296062365	bid	61.81
IVE	1296062365	ask	61.82
IVE	1296062428	price	61.83
IVE	1296062428	bid	61.82
IVE	1296062428	ask	61.83
IVE	1296062480	price	61.84
IVE	1296062480	bid	61.83
IVE	1296062480	ask	61.84
IVE	1296062527	price	61.83
IVE	1296062569	price	61.84
IVE	1296062642	bid	61.84
IVE	1296062658	price	61.85
IVE	1296062658	ask	61.85
IVE	1296062815	price	61.8272
IVE	1296062815	bid	61.82
IVE	1296062815	ask	61.84
IVE	1296062819	price	61.84
IVE	1296062819	bid	61.83
IVE	1296062866	bid	61.85
IVE	1296062866	ask	61.85
IVE	1296062866	price	61.85
IVE	1296062868	bid	61.84
IVE	1296062915	price	61.8467
IVE	1296062935	price	61.85
IVE	1296062985	price	61.86
IVE	1296062985	bid	61.85
IVE	1296062985	ask	61.86
IVE	1296063036	price	61.8699
IVE	1296063036	bid	61.86
IVE	1296063036	ask	61.87
IVE	1296063041	price	61.87
IVE	1296063159	price	61.86
IVE	1296063159	bid	61.85
IVE	1296063159	ask	61.86
IVE	1296063227	bid	61.86
IVE	1296063227	ask	61.87
IVE	1296063230	price	61.858
IVE	1296063245	price	61.87
IVE	1296063330	price	61.85
IVE	1296063330	bid	61.84
IVE	1296063330	ask	61.85
IVE	1296063394	price	61.8499
IVE	1296063396	price	61.8484
IVE	1296063474	price	61.87
IVE	1296063474	bid	61.86
IVE	1296063474	ask	61.87
IVE	1296063499	price	61.86
IVE	1296063499	ask	61.86
IVE	1296063557	bid	61.85
IVE	1296063625	price	61.8551
IVE	1296063642	price	61.85
IVE	1296063642	bid	61.84
IVE	1296063642	ask	61.85
IVE	1296063643	ask	61.86
IVE	1296063664	price	61.8572
IVE	1296063664	bid	61.85
IVE	1296063693	price	61.85
IVE	1296063693	bid	61.84
IVE	1296063693	ask	61.85
IVE	1296063693	price	61.84
IVE	1296063728	price	61.85
IVE	1296063728	ask	61.86
IVE	1296063764	price	61.86
IVE	1296063764	bid	61.85
IVE	1296063788	bid	61.86
IVE	1296063788	ask	61.87
IVE	1296063821	price	61.87
IVE	1296063821	ask	61.88
IVE	1296063821	price	61.88
IVE	1296063821	bid	61.87
IVE	1296063821	bid	61.88
IVE	1296063821	ask	61.89
IVE	1296063824	price	61.89
IVE	1296063830	price	61.8819
IVE	1296063875	price	61.87
IVE	1296063875	bid	61.86
IVE	1296063875	ask	61.87
IVE	1296063875	price	61.86
IVE	1296063875	bid	61.85
IVE	1296063875	ask	61.86
IVE	1296063920	bid	61.86
IVE	1296063920	ask	61.87
IVE	1296063975	price	61.8636
IVE	1296063997	price	61.86
IVE	1296063997	bid	61.85
IVE	1296064031	price	61.858
IVE	1296064031	ask	61.86
IVE	1296064081	price	61.8548
IVE	1296064081	bid	61.84
IVE	1296064088	price	61.85
IVE	1296064088	bid	61.85
IVE	1296064088	price	61.86
IVE	1296064127	price	61.87
IVE	1296064127	bid	61.86
IVE	1296064127	ask	61.87
IVE	1296064234	price	61.86
IVE	1296064234	bid	61.84
IVE	1296064234	ask	61.86
IVE	1296064251	price	61.85
IVE	1296064251	bid	61.85
IVE	1296064317	price	61.8481
IVE	1296064317	bid	61.84
IVE	1296064317	ask	61.85
IVE	1296064319	price	61.85
IVE	1296064319	bid	61.85
IVE	1296064319	ask	61.86
IVE	1296064375	price	61.87
IVE	1296064375	bid	61.87
IVE	1296064375	ask	61.88
IVE	1296064421	price	61.88
IVE	1296064429	price	61.8799
IVE	1296064469	price	61.869
IVE	1296064504	price	61.87
IVE	1296064504	bid	61.86
IVE	1296064504	ask	61.87
IVE	1296064576	price	61.8899
IVE	1296064576	bid	61.87
IVE	1296064576	ask	61.89
IVE	1296064580	price	61.88
IVE	1296064580	bid	61.88
IVE	1296064580	ask	61.9
IVE	1296064612	price	61.9
IVE	1296064612	bid	61.89
IVE	1296064625	bid	61.9
IVE	1296064625	ask	61.91
IVE	1296064715	bid	61.89
IVE	1296064715	ask	61.9
IVE	1296064727	price	61.899
IVE	1296064728	price	61.9
IVE	1296064754	price	61.881
IVE	1296064754	bid	61.88
IVE	1296064754	ask	61.89
IVE	1296064788	price	61.89
IVE	1296064819	price	61.888
IVE	1296064823	price	61.89
IVE	1296064867	price	61.8801
IVE	1296064868	price	61.89
IVE	1296064916	price	61.9
IVE	1296064916	bid	61.89
IVE	1296064916	ask	61.9
IVE	1296064941	price	61.899
IVE	1296064941	price	61.898
IVE	1296064959	price	61.89
IVE	1296064959	bid	61.88
IVE	1296064959	ask	61.89
IVE	1296064978	price	61.88
IVE	1296064978	bid	61.87
IVE	1296064978	ask	61.88
IVE	1296065091	price	61.8799
IVE	1296065101	price	61.88
IVE	1296065112	price	61.8719
IVE	1296065178	price	61.86
IVE	1296065178	bid	61.85
IVE	1296065178	ask	61.86
IVE	1296065192	price	61.859
IVE	1296065240	price	61.85
IVE	1296065240	bid	61.84
IVE	1296065240	ask	61.85
IVE	1296065286	price	61.87
IVE	1296065286	bid	61.86
IVE	1296065286	ask	61.88
IVE	1296065306	ask	61.87
IVE	1296065313	price	61.86
IVE	1296065338	price	61.862
IVE	1296065382	price	61.87
IVE	1296065390	price	61.88
IVE	1296065390	bid	61.87
IVE	1296065390	ask	61.88
IVE	1296065457	bid	61.88
IVE	1296065457	ask	61.9
IVE	1296065460	price	61.9
IVE	1296065460	bid	61.89
IVE	1296065462	price	61.89
IVE	1296065464	bid	61.88
IVE	1296065464	ask	61.89
IVE	1296065485	bid	61.89
IVE	1296065485	ask	61.9
IVE	1296065498	bid	61.88
IVE	1296065498	ask	61.89
IVE	1296065501	bid	61.89
IVE	1296065501	ask	61.9
IVE	1296065510	price	61.88
IVE	1296065510	bid	61.87
IVE	1296065510	ask	61.88
IVE	1296065734	price	61.889
IVE	1296065734	bid	61.88
IVE	1296065734	ask	61.89
IVE	1296065743	price	61.89
IVE	1296065834	bid	61.87
IVE	1296065926	bid	61.88
IVE	1296065933	price	61.88
IVE	1296065933	bid	61.87
IVE	1296065933	ask	61.88
IVE	1296065965	bid	61.88
IVE	1296065973	bid	61.87
IVE	1296066033	price	61.89
IVE	1296066033	bid	61.88
IVE	1296066033	ask	61.89
IVE	1296066051	ask	61.9
IVE	1296066113	price	61.88
IVE	1296066113	bid	61.87
IVE	1296066113	ask	61.88
IVE	1296066115	price	61.87
IVE	1296066115	bid	61.86
IVE	1296066115	ask	61.87
IVE	1296066143	price	61.86
IVE	1296066143	bid	61.85
IVE	1296066143	ask	61.86
IVE	1296066229	price	61.87
IVE	1296066229	bid	61.86
IVE	1296066229	ask	61.87
IVE	1296066285	price	61.8736
IVE	1296066285	ask	61.88
IVE	1296066285	price	61.8739
IVE	1296066285	price	61.8769
IVE	1296066285	price	61.879
IVE	1296066345	price	61.89
IVE	1296066345	bid	61.88
IVE	1296066345	ask	61.89
IVE	1296066376	price	61.88
IVE	1296066376	price	61.87
IVE	1296066376	bid	61.87
IVE	1296066376	ask	61.88
IVE	1296066393	price	61.8705
IVE	1296066393	price	61.8704
IVE	1296066393	price	61.87
IVE	1296066393	price	61.8701
IVE	1296066393	price	61.87
IVE	1296066393	price	61.8701
IVE	1296066397	price	61.87
IVE	1296066457	price	61.88
IVE	1296066467	price	61.879
IVE	1296066485	price	61.87
IVE	1296066485	price	61.8708
IVE	1296066485	price	61.8703
IVE	1296066485	price	61.8701
IVE	1296066494	price	61.88
IVE	1296066596	bid	61.88
IVE	1296066596	ask	61.89
IVE	1296066601	price	61.89
IVE	1296066601	bid	61.89
IVE	1296066601	ask	61.9
IVE	1296066620	bid	61.88
IVE	1296066620	ask	61.89
IVE	1296066636	price	61.87
IVE	1296066636	bid	61.86
IVE	1296066636	ask	61.88
IVE	1296066697	price	61.8701
IVE	1296066697	bid	61.87
IVE	1296066726	price	61.88
IVE	1296066748	price	61.87
IVE	1296066748	bid	61.86
IVE	1296066748	ask	61.87
IVE	1296066774	price	61.86
IVE	1296066795	price	61.879
IVE	1296066795	bid	61.87
IVE	1296066795	ask	61.88
IVE	1296066809	price	61.88
IVE	1296066836	price	61.879
IVE	1296066849	price	61.8781
IVE	1296066881	price	61.88
IVE	1296066881	bid	61.86
IVE	1296066907	price	61.8679
IVE	1296066922	price	61.869
IVE	1296066922	ask	61.87
IVE	1296066923	price	61.87
IVE	1296066947	price	61.86
IVE	1296066947	bid	61.85
IVE	1296066947	ask	61.86
IVE	1296066949	bid	61.86
IVE	1296066949	ask	61.87
IVE	1296066965	price	61.862
IVE	1296066993	price	61.87
IVE	1296067051	price	61.86
IVE	1296067051	bid	61.85
IVE	1296067051	ask	61.86
IVE	1296067069	price	61.859
IVE	1296067091	price	61.853
IVE	1296067092	price	61.85
IVE	1296067092	ask	61.85
IVE	1296067168	price	61.86
IVE	1296067168	ask	61.86
IVE	1296067274	price	61.88
IVE	1296067274	bid	61.88
IVE	1296067274	ask	61.89
IVE	1296067313	price	61.8899
IVE	1296067346	price	61.89
IVE	1296067346	bid	61.89
IVE	1296067346	ask	61.9
IVE	1296067352	price	61.9
IVE	1296067363	price	61.89
IVE	1296067363	bid	61.88
IVE	1296067363	ask	61.89
IVE	1296067422	price	61.9
IVE	1296067422	bid	61.89
IVE	1296067422	price	61.89
IVE	1296067422	bid	61.9
IVE	1296067422	ask	61.91
IVE	1296067422	price	61.9
IVE	1296067426	price	61.91
IVE	1296067426	bid	61.91
IVE	1296067426	ask	61.92
IVE	1296067441	price	61.9
IVE	1296067441	bid	61.89
IVE	1296067441	ask	61.9
IVE	1296067507	price	61.89
IVE	1296067543	price	61.8938
IVE	1296067549	price	61.9
IVE	1296067549	bid	61.88
IVE	1296067549	ask	61.89
IVE	1296067549	price	61.89
IVE	1296067567	price	61.88
IVE	1296067575	price	61.87
IVE	1296067575	bid	61.87
IVE	1296067575	ask	61.88
IVE	1296067585	price	61.8762
IVE	1296067629	price	61.87
IVE	1296067631	price	61.88
IVE	1296067631	bid	61.88
IVE	1296067631	ask	61.89
IVE	1296067641	price	61.89
IVE	1296067642	bid	61.89
IVE	1296067642	ask	61.9
IVE	1296067725	price	61.8882
IVE	1296067725	bid	61.88
IVE	1296067725	ask	61.89
IVE	1296067725	price	61.889
IVE	1296067726	price	61.89
IVE	1296067732	bid	61.89
IVE	1296067732	ask	61.9
IVE	1296067802	price	61.9
IVE	1296067802	bid	61.9
IVE	1296067802	ask	61.91
IVE	1296067818	price	61.91
IVE	1296067829	price	61.9081
IVE	1296067859	price	61.9
IVE	1296067859	ask	61.92
IVE	1296067885	price	61.92
IVE	1296067885	bid	61.91
IVE	1296067901	price	61.91
IVE	1296067921	price	61.9076
IVE	1296067921	bid	61.9
IVE	1296067936	price	61.92
IVE	1296067936	bid	61.91
IVE	1296068005	price	61.91
IVE	1296068005	bid	61.9
IVE	1296068005	ask	61.91
IVE	1296068022	price	61.9
IVE	1296068022	bid	61.89
IVE	1296068022	ask	61.9
IVE	1296068024	ask	61.91
IVE	1296068084	ask	61.9
IVE	1296068099	price	61.89
IVE	1296068099	bid	61.88
IVE	1296068099	ask	61.89
IVE	1296068106	price	61.88
IVE	1296068138	price	61.89
IVE	1296068138	bid	61.89
IVE	1296068138	ask	61.9
IVE	1296068173	price	61.88
IVE	1296068173	bid	61.88
IVE	1296068173	ask	61.89
IVE	1296068185	price	61.89
IVE	1296068193	price	61.8869
IVE	1296068207	price	61.89
IVE	1296068215	price	61.88
IVE	1296068215	ask	61.88
IVE	1296068215	price	61.87
IVE	1296068215	bid	61.87
IVE	1296068215	bid	61.86
IVE	1296068215	ask	61.87
IVE	1296068216	bid	61.87
IVE	1296068216	ask	61.88
IVE	1296068236	price	61.8781
IVE	1296068294	price	61.878
IVE	1296068296	price	61.88
IVE	1296068400	price	61.87
IVE	1296068400	ask	61.87
IVE	1296068400	bid	61.86
IVE	1296068424	bid	61.87
IVE	1296068424	ask	61.88
IVE	1296068445	price	61.8824
IVE	1296068445	ask	61.89
IVE	1296068451	price	61.8702
IVE	1296068469	price	61.88
IVE	1296068469	bid	61.88
IVE	1296068472	bid	61.87
IVE	1296068477	price	61.87
IVE	1296068477	ask	61.88
IVE	1296068477	price	61.86
IVE	1296068477	bid	61.85
IVE	1296068477	ask	61.86
IVE	1296068478	bid	61.86
IVE	1296068478	ask	61.87
IVE	1296068541	price	61.87
IVE	1296068541	price	61.86
IVE	1296068541	ask	61.86
IVE	1296068560	bid	61.85
IVE	1296068560	ask	61.87
IVE	1296068594	price	61.87
IVE	1296068594	bid	61.86
IVE	1296068595	price	61.8681
IVE	1296068613	price	61.87
IVE	1296068673	price	61.868
IVE	1296068698	price	61.87
IVE	1296068712	price	61.869
IVE	1296068734	price	61.87
IVE	1296068816	price	61.86
IVE	1296068816	bid	61.85
IVE	1296068816	ask	61.86
IVE	1296068879	price	61.87
IVE	1296068879	bid	61.86
IVE	1296068879	ask	61.87
IVE	1296068935	price	61.878
IVE	1296068935	ask	61.88
IVE	1296068947	price	61.86
IVE	1296068947	bid	61.85
IVE	1296068947	ask	61.86
IVE	1296069009	price	61.87
IVE	1296069009	bid	61.86
IVE	1296069009	ask	61.87
IVE	1296069064	bid	61.87
IVE	1296069064	ask	61.88
IVE	1296069065	bid	61.86
IVE	1296069085	ask	61.87
IVE	1296069098	price	61.8601
IVE	1296069098	price	61.8699
IVE	1296069123	price	61.86
IVE	1296069123	bid	61.84
IVE	1296069123	ask	61.86
IVE	1296069270	price	61.87
IVE	1296069270	ask	61.87
IVE	1296069302	price	61.86
IVE	1296069302	bid	61.82
IVE	1296069302	ask	61.86
IVE	1296069314	price	61.865
IVE	1296069314	ask	61.87
IVE	1296069401	price	61.8699
IVE	1296069437	price	61.88
IVE	1296069437	bid	61.87
IVE	1296069437	ask	61.88
IVE	1296069438	bid	61.88
IVE	1296069438	ask	61.9
IVE	1296069447	price	61.89
IVE	1296069471	price	61.87
IVE	1296069471	bid	61.86
IVE	1296069471	ask	61.89
IVE	1296069476	price	61.86
IVE	1296069476	bid	61.85
IVE	1296069476	ask	61.86
IVE	1296069476	price	61.87
IVE	1296069476	price	61.88
IVE	1296069476	bid	61.86
IVE	1296069503	price	61.93
IVE	1296069503	bid	61.91
IVE	1296069503	ask	61.93
IVE	1296069503	price	61.94
IVE	1296069503	bid	61.92
IVE	1296069507	price	61.95
IVE	1296069507	bid	61.94
IVE	1296069507	ask	61.95
IVE	1296069509	bid	61.95
IVE	1296069509	ask	61.96
IVE	1296069534	price	61.91
IVE	1296069534	bid	61.9
IVE	1296069534	ask	61.92
IVE	1296069534	bid	61.91
IVE	1296069534	ask	61.93
IVE	1296069540	price	61.89
IVE	1296069540	bid	61.88
IVE	1296069540	ask	61.9
IVE	1296069541	price	61.8981
IVE	1296069542	price	61.89
IVE	1296069574	price	61.9
IVE	1296069574	bid	61.9
IVE	1296069574	ask	61.92
IVE	1296069600	price	61.91
IVE	1296069600	price	61.9199
IVE	1296069600	bid	61.89
IVE	1296069600	ask	61.91
IVE	1296069667	price	61.88
IVE	1296069667	bid	61.88
IVE	1296069667	ask	61.89
IVE	1296069669	bid	61.86
IVE	1296069669	ask	61.88
IVE	1296069675	price	61.86
IVE	1296069675	ask	61.87
IVE	1296069680	ask	61.88
IVE	1296069690	price	61.85
IVE	1296069690	bid	61.85
IVE	1296069690	ask	61.86
IVE	1296069702	price	61.84
IVE	1296069702	bid	61.84
IVE	1296069702	ask	61.85
IVE	1296069702	price	61.85
IVE	1296069715	price	61.84
IVE	1296069728	price	61.83
IVE	1296069728	bid	61.82
IVE	1296069728	ask	61.83
IVE	1296069729	price	61.82
IVE	1296069734	price	61.81
IVE	1296069734	bid	61.8
IVE	1296069734	ask	61.82
IVE	1296069739	bid	61.81
IVE	1296069739	ask	61.83
IVE	1296069740	bid	61.8
IVE	1296069740	ask	61.82
IVE	1296069766	price	61.8
IVE	1296069766	bid	61.79
IVE	1296069766	ask	61.81
IVE	1296069769	price	61.79
IVE	1296069769	ask	61.8
IVE	1296069769	price	61.78
IVE	1296069769	bid	61.78
IVE	1296069769	ask	61.79
IVE	1296069801	price	61.79
IVE	1296069801	bid	61.79
IVE	1296069801	ask	61.8
IVE	1296069804	price	61.8
IVE	1296069804	bid	61.8
IVE	1296069804	ask	61.81
IVE	1296069818	price	61.8162
IVE	1296069818	bid	61.81
IVE	1296069818	ask	61.82
IVE	1296069831	price	61.79
IVE	1296069831	bid	61.78
IVE	1296069831	ask	61.8
IVE	1296069838	price	61.78
IVE	1296069838	bid	61.77
IVE	1296069838	ask	61.79
IVE	1296069839	price	61.77
IVE	1296069839	bid	61.76
IVE	1296069839	ask	61.78
IVE	1296069846	price	61.76
IVE	1296069895	price	61.8
IVE	1296069895	bid	61.8
IVE	1296069895	ask	61.81
IVE	1296069905	price	61.84
IVE	1296069905	bid	61.82
IVE	1296069905	ask	61.84
IVE	1296069905	bid	61.83
IVE	1296069907	bid	61.84
IVE	1296069907	ask	61.86
IVE	1296069923	bid	61.83
IVE	1296069923	ask	61.84
IVE	1296069969	price	61.83
IVE	1296069985	price	61.85
IVE	1296069985	ask	61.85
IVE	1296069985	price	61.846
IVE	1296070010	price	61.86
IVE	1296070010	bid	61.86
IVE	1296070010	ask	61.87
IVE	1296070026	price	61.83
IVE	1296070026	bid	61.82
IVE	1296070026	ask	61.83
IVE	1296070049	price	61.81
IVE	1296070049	bid	61.8
IVE	1296070049	ask	61.81
IVE	1296070055	price	61.79
IVE	1296070055	bid	61.78
IVE	1296070055	ask	61.8
IVE	1296070055	ask	61.79
IVE	1296070067	bid	61.79
IVE	1296070067	ask	61.8
IVE	1296070073	bid	61.78
IVE	1296070076	ask	61.79
IVE	1296070079	bid	61.79
IVE	1296070079	ask	61.8
IVE	1296070103	price	61.78
IVE	1296070103	bid	61.77
IVE	1296070103	ask	61.79
IVE	1296070105	price	61.77
IVE	1296070107	bid	61.76
IVE	1296070107	ask	61.78
IVE	1296070110	price	61.76
IVE	1296070110	bid	61.75
IVE	1296070110	ask	61.76
IVE	1296070121	bid	61.76
IVE	1296070121	ask	61.77
IVE	1296070130	price	61.75
IVE	1296070130	bid	61.74
IVE	1296070130	ask	61.76
IVE	1296070131	price	61.74
IVE	1296070131	bid	61.73
IVE	1296070131	ask	61.75
IVE	1296070152	price	61.73
IVE	1296070152	ask	61.74
IVE	1296070182	price	61.74
IVE	1296070182	price	61.75
IVE	1296070182	bid	61.74
IVE	1296070182	ask	61.75
IVE	1296070189	price	61.77
IVE	1296070189	bid	61.76
IVE	1296070189	ask	61.77
IVE	1296070189	price	61.76
IVE	1296070189	price	61.77
IVE	1296070190	price	61.79
IVE	1296070190	bid	61.79
IVE	1296070190	ask	61.79
IVE	1296070191	price	61.8
IVE	1296070191	ask	61.8
IVE	1296070193	ask	61.81
IVE	1296070196	price	61.79
IVE	1296070196	bid	61.78
IVE	1296070196	ask	61.79
IVE	1296070196	price	61.78
IVE	1296070196	bid	61.77
IVE	1296070199	ask	61.78
IVE	1296070199	bid	61.78
IVE	1296070199	ask	61.79
IVE	1296070208	price	61.76
IVE	1296070208	bid	61.76
IVE	1296070208	ask	61.77
IVE	1296070209	bid	61.75
IVE	1296070209	ask	61.76
IVE	1296070225	price	61.79
IVE	1296070225	bid	61.79
IVE	1296070225	ask	61.8
IVE	1296070230	ask	61.81
IVE	1296070240	price	61.81
IVE	1296070240	bid	61.8
IVE	1296070240	ask	61.82
IVE	1296070264	bid	61.81
IVE	1296070280	price	61.8
IVE	1296070280	bid	61.8
IVE	1296070280	ask	61.81
IVE	1296070283	price	61.79
IVE	1296070283	bid	61.77
IVE	1296070283	ask	61.79
IVE	1296070290	price	61.81
IVE	1296070290	bid	61.8
IVE	1296070290	ask	61.81
IVE	1296070299	price	61.8062
IVE	1296070300	price	61.8
IVE	1296070300	bid	61.79
IVE	1296070300	ask	61.8
IVE	1296070312	price	61.79
IVE	1296070312	ask	61.79
IVE	1296070315	price	61.78
IVE	1296070315	bid	61.78
IVE	1296070327	price	61.79
IVE	1296070330	ask	61.8
IVE	1296070340	price	61.78
IVE	1296070340	ask	61.79
IVE	1296070340	bid	61.77
IVE	1296070362	bid	61.78
IVE	1296070364	price	61.79
IVE	1296070370	price	61.8
IVE	1296070370	bid	61.8
IVE	1296070370	ask	61.8
IVE	1296070376	bid	61.79
IVE	1296070376	ask	61.81
IVE	1296070378	price	61.79
IVE	1296070378	bid	61.78
IVE	1296070378	ask	61.8
IVE	1296070394	price	61.8
IVE	1296070394	bid	61.8
IVE	1296070394	ask	61.81
IVE	1296070394	bid	61.79
IVE	1296070394	price	61.81
IVE	1296070394	ask	61.8
IVE	1296070394	price	61.8081
IVE	1296070394	bid	61.78
IVE	1296070407	price	61.78
IVE	1296070407	ask	61.79
IVE	1296070450	price	61.81
IVE	1296070450	bid	61.81
IVE	1296070450	ask	61.82
IVE	1296070469	price	61.83
IVE	1296070469	bid	61.82
IVE	1296070469	ask	61.83
IVE	1296070469	bid	61.83
IVE	1296070469	ask	61.84
IVE	1296070483	price	61.81
IVE	1296070483	bid	61.8
IVE	1296070483	ask	61.82
IVE	1296070492	ask	61.81
IVE	1296070497	ask	61.82
IVE	1296070501	bid	61.81
IVE	1296070501	ask	61.83
IVE	1296070545	price	61.83
IVE	1296070545	bid	61.83
IVE	1296070545	ask	61.85
IVE	1296070553	bid	61.81
IVE	1296070553	ask	61.83
IVE	1296070564	bid	61.82
IVE	1296070564	ask	61.84
IVE	1296070616	bid	61.83
IVE	1296070616	ask	61.85
IVE	1296070648	price	61.84
IVE	1296070648	ask	61.84
IVE	1296070659	price	61.83
IVE	1296070659	bid	61.82
IVE	1296070660	bid	61.83
IVE	1296070660	ask	61.85
IVE	1296070677	price	61.84
IVE	1296070677	bid	61.82
IVE	1296070677	ask	61.84
IVE	1296070686	price	61.85
IVE	1296070686	bid	61.84
IVE	1296070686	ask	61.85
IVE	1296070686	bid	61.85
IVE	1296070686	ask	61.86
IVE	1296070692	ask	61.87
IVE	1296070701	bid	61.84
IVE	1296070701	ask	61.86
IVE	1296070719	price	61.84
IVE	1296070719	ask	61.85
IVE	1296070752	price	61.83
IVE	1296070752	bid	61.83
IVE	1296070752	ask	61.83
IVE	1296070762	ask	61.84
IVE	1296070763	price	61.82
IVE	1296070763	bid	61.81
IVE	1296070763	ask	61.83
IVE	1296070763	ask	61.82
IVE	1296070772	price	61.83
IVE	1296070772	bid	61.83
IVE	1296070772	ask	61.84
IVE	1296070779	price	61.8472
IVE	1296070779	bid	61.84
IVE	1296070779	ask	61.85
IVE	1296070818	price	61.85
IVE	1296070818	ask	61.86
IVE	1296070821	price	61.858
IVE	1296070821	ask	61.85
IVE	1296070839	price	61.84
IVE	1296070839	bid	61.83
IVE	1296070839	ask	61.84
IVE	1296070842	price	61.83
IVE	1296070848	price	61.82
IVE	1296070848	bid	61.82
IVE	1296070848	ask	61.83
IVE	1296070893	price	61.84
IVE	1296070893	bid	61.83
IVE	1296070893	ask	61.84
IVE	1296070955	price	61.86
IVE	1296070955	bid	61.85
IVE	1296070955	ask	61.86
IVE	1296070971	price	61.87
IVE	1296070971	bid	61.87
IVE	1296070971	ask	61.89
IVE	1296070972	price	61.89
IVE	1296070972	bid	61.88
IVE	1296070972	ask	61.9
IVE	1296070998	price	61.87
IVE	1296070998	bid	61.87
IVE	1296070998	ask	61.88
IVE	1296070999	price	61.86
IVE	1296070999	bid	61.86
IVE	1296070999	ask	61.87
IVE	1296071000	price	61.85
IVE	1296071000	bid	61.84
IVE	1296071000	ask	61.86
IVE	1296071003	ask	61.85
IVE	1296071008	price	61.87
IVE	1296071008	bid	61.86
IVE	1296071008	ask	61.87
IVE	1296071008	price	61.86
IVE	1296071008	ask	61.88
IVE	1296071018	price	61.84
IVE	1296071018	bid	61.84
IVE	1296071018	ask	61.85
IVE	1296071020	ask	61.86
IVE	1296071029	price	61.86
IVE	1296071029	bid	61.86
IVE	1296071029	ask	61.87
IVE	1296071038	bid	61.85
IVE	1296071038	ask	61.86
IVE	1296071038	price	61.85
IVE	1296071041	price	61.86
IVE	1296071041	bid	61.86
IVE	1296071041	ask	61.87
IVE	1296071046	price	61.87
IVE	1296071046	bid	61.87
IVE	1296071046	ask	61.88
IVE	1296071051	price	61.88
IVE	1296071051	bid	61.88
IVE	1296071051	ask	61.89
IVE	1296071052	ask	61.9
IVE	1296071053	price	61.8973
IVE	1296071053	bid	61.89
IVE	1296071053	price	61.899
IVE	1296071053	price	61.9
IVE	1296071056	price	61.898
IVE	1296071057	price	61.89
IVE	1296071057	bid	61.88
IVE	1296071057	ask	61.89
IVE	1296071059	price	61.8901
IVE	1296071059	bid	61.89
IVE	1296071059	ask	61.9
IVE	1296071060	price	61.89
IVE	1296071079	price	61.9
IVE	1296071080	price	61.91
IVE	1296071080	bid	61.9
IVE	1296071080	ask	61.92
IVE	1296071092	ask	61.91
IVE	1296071092	bid	61.91
IVE	1296071092	ask	61.92
IVE	1296071095	price	61.92
IVE	1296071117	price	61.9272
IVE	1296071117	bid	61.92
IVE	1296071117	ask	61.93
IVE	1296071117	price	61.92
IVE	1296071117	bid	61.91
IVE	1296071131	price	61.91
IVE	1296071131	bid	61.9
IVE	1296071131	ask	61.91
IVE	1296071139	bid	61.91
IVE	1296071139	ask	61.92
IVE	1296071143	price	61.92
IVE	1296071143	bid	61.92
IVE	1296071143	ask	61.93
IVE	1296071174	price	61.93
IVE	1296071174	ask	61.94
IVE	1296071184	price	61.94
IVE	1296071184	bid	61.93
IVE	1296071184	ask	61.95
IVE	1296071187	ask	61.94
IVE	1296071194	price	61.96
IVE	1296071194	bid	61.95
IVE	1296071194	ask	61.96
IVE	1296071194	price	61.97
IVE	1296071194	bid	61.96
IVE	1296071194	ask	61.97
IVE	1296071197	price	61.96
IVE	1296071201	price	61.95
IVE	1296071201	bid	61.95
IVE	1296071201	ask	61.96
IVE	1296071254	price	61.9438
IVE	1296071254	bid	61.94
IVE	1296071254	ask	61.95
IVE	1296071255	price	61.94
IVE	1296071255	bid	61.93
IVE	1296071257	price	61.93
IVE	1296071257	bid	61.92
IVE	1296071257	ask	61.93
IVE	1296071295	price	61.91
IVE	1296071295	bid	61.91
IVE	1296071295	ask	61.92
IVE	1296071310	price	61.89
IVE	1296071310	bid	61.88
IVE	1296071310	ask	61.89
IVE	1296071318	price	61.88
IVE	1296071318	bid	61.87
IVE	1296071366	bid	61.88
IVE	1296071366	ask	61.88
IVE	1296071371	price	61.87
IVE	1296071371	bid	61.86
IVE	1296071371	price	61.86
IVE	1296071372	bid	61.85
IVE	1296071372	ask	61.86
IVE	1296071378	price	61.859
IVE	1296071382	price	61.86
IVE	1296071382	ask	61.87
IVE	1296071389	price	61.87
IVE	1296071389	bid	61.86
IVE	1296071409	price	61.88
IVE	1296071409	bid	61.87
IVE	1296071409	ask	61.88
IVE	1296071470	price	61.89
IVE	1296071470	bid	61.88
IVE	1296071470	ask	61.89
IVE	1296071508	bid	61.89
IVE	1296071508	ask	61.9
IVE	1296071512	price	61.8876
IVE	1296071512	bid	61.88
IVE	1296071512	ask	61.89
IVE	1296071512	price	61.888
IVE	1296071512	price	61.889
IVE	1296071528	price	61.87
IVE	1296071528	bid	61.86
IVE	1296071528	ask	61.87
IVE	1296071530	price	61.88
IVE	1296071530	bid	61.87
IVE	1296071530	ask	61.88
IVE	1296071547	price	61.87
IVE	1296071547	bid	61.86
IVE	1296071547	ask	61.87
IVE	1296071571	price	61.89
IVE	1296071571	bid	61.88
IVE	1296071571	ask	61.89
IVE	1296071577	bid	61.89
IVE	1296071577	ask	61.9
IVE	1296071581	price	61.8891
IVE	1296071581	bid	61.88
IVE	1296071581	ask	61.89
IVE	1296071583	price	61.88
IVE	1296071583	bid	61.87
IVE	1296071583	ask	61.88
IVE	1296071585	price	61.87
IVE	1296071585	bid	61.86
IVE	1296071585	ask	61.87
IVE	1296071593	price	61.88
IVE	1296071593	bid	61.87
IVE	1296071593	ask	61.89
IVE	1296071646	price	61.89
IVE	1296071646	bid	61.89
IVE	1296071646	ask	61.9
IVE	1296071702	price	61.88
IVE	1296071702	bid	61.87
IVE	1296071702	ask	61.88
IVE	1296071705	price	61.87
IVE	1296071706	bid	61.86
IVE	1296071706	ask	61.87
IVE	1296071706	price	61.86
IVE	1296071706	bid	61.85
IVE	1296071706	ask	61.86
IVE	1296071708	price	61.85
IVE	1296071708	bid	61.84
IVE	1296071708	ask	61.85
IVE	1296071710	price	61.84
IVE	1296071710	bid	61.83
IVE	1296071710	ask	61.84
IVE	1296071736	price	61.85
IVE	1296071736	bid	61.84
IVE	1296071736	ask	61.85
IVE	1296071748	price	61.84
IVE	1296071748	bid	61.83
IVE	1296071748	ask	61.84
IVE	1296071768	ask	61.85
IVE	1296071786	price	61.83
IVE	1296071786	ask	61.84
IVE	1296071789	bid	61.82
IVE	1296071789	ask	61.83
IVE	1296071791	price	61.82
IVE	1296071802	bid	61.81
IVE	1296071841	price	61.85
IVE	1296071841	bid	61.85
IVE	1296071841	ask	61.86
IVE	1296071841	price	61.86
IVE	1296071869	price	61.88
IVE	1296071869	bid	61.87
IVE	1296071869	ask	61.88
IVE	1296071905	ask	61.89
IVE	1296071942	price	61.9
IVE	1296071942	bid	61.89
IVE	1296071942	ask	61.9
IVE	1296071942	price	61.91
IVE	1296071942	bid	61.91
IVE	1296071942	ask	61.92
IVE	1296071943	price	61.92
IVE	1296071943	bid	61.92
IVE	1296071943	ask	61.93
IVE	1296071946	bid	61.91
IVE	1296071946	ask	61.92
IVE	1296071962	price	61.91
IVE	1296071962	bid	61.9
IVE	1296071962	ask	61.91
IVE	1296071974	price	61.89
IVE	1296071974	bid	61.89
IVE	1296071974	ask	61.9
IVE	1296071976	bid	61.88
IVE	1296071986	price	61.885
IVE	1296071986	ask	61.89
IVE	1296071986	price	61.89
IVE	1296071986	bid	61.89
IVE	1296071986	ask	61.9
IVE	1296071987	price	61.9
IVE	1296071987	bid	61.9
IVE	1296071987	ask	61.92
IVE	1296071989	price	61.92
IVE	1296071989	bid	61.91
IVE	1296071993	price	61.91
IVE	1296071997	bid	61.9
IVE	1296072007	price	61.89
IVE	1296072007	bid	61.89
IVE	1296072007	ask	61.9
IVE	1296072007	price	61.885
IVE	1296072007	price	61.89
IVE	1296072016	price	61.8944
IVE	1296072016	bid	61.88
IVE	1296072039	price	61.89
IVE	1296072039	ask	61.89
IVE	1296072039	price	61.88
IVE	1296072039	price	61.89
IVE	1296072039	bid	61.89
IVE	1296072039	bid	61.88
IVE	1296072039	bid	61.89
IVE	1296072039	ask	61.9
IVE	1296072047	bid	61.88
IVE	1296072047	ask	61.89
IVE	1296072060	price	61.8801
IVE	1296072066	price	61.88
IVE	1296072090	price	61.8862
IVE	1296072092	price	61.8899
IVE	1296072104	price	61.89
IVE	1296072104	bid	61.89
IVE	1296072104	ask	61.9
IVE	1296072152	price	61.91
IVE	1296072152	bid	61.9
IVE	1296072152	ask	61.91
IVE	1296072158	price	61.89
IVE	1296072158	bid	61.89
IVE	1296072158	ask	61.9
IVE	1296072160	bid	61.88
IVE	1296072160	ask	61.89
IVE	1296072163	price	61.8824
IVE	1296072163	bid	61.87
IVE	1296072227	price	61.89
IVE	1296072227	bid	61.88
IVE	1296072267	price	61.91
IVE	1296072267	bid	61.9
IVE	1296072267	ask	61.91
IVE	1296072285	price	61.9
IVE	1296072285	bid	61.88
IVE	1296072285	ask	61.9
IVE	1296072294	price	61.89
IVE	1296072294	price	61.9
IVE	1296072294	bid	61.89
IVE	1296072314	price	61.93
IVE	1296072314	bid	61.93
IVE	1296072314	ask	61.93
IVE	1296072316	price	61.94
IVE	1296072316	ask	61.95
IVE	1296072322	bid	61.94
IVE	1296072330	bid	61.93
IVE	1296072330	ask	61.94
IVE	1296072342	price	61.9382
IVE	1296072342	price	61.94
IVE	1296072342	price	61.9394
IVE	1296072345	price	61.939
IVE	1296072377	price	61.94
IVE	1296072382	price	61.92
IVE	1296072382	bid	61.91
IVE	1296072382	ask	61.92
IVE	1296072400	price	61.91
IVE	1296072400	bid	61.9
IVE	1296072400	ask	61.91
IVE	1296072402	price	61.9
IVE	1296072403	price	61.89
IVE	1296072403	bid	61.89
IVE	1296072403	ask	61.9
IVE	1296072403	bid	61.88
IVE	1296072403	ask	61.89
IVE	1296072414	price	61.8962
IVE	1296072414	bid	61.89
IVE	1296072414	ask	61.9
IVE	1296072443	price	61.87
IVE	1296072443	bid	61.86
IVE	1296072443	ask	61.87
IVE	1296072448	price	61.86
IVE	1296072448	ask	61.86
IVE	1296072481	price	61.8666
IVE	1296072481	ask	61.87
IVE	1296072485	price	61.87
IVE	1296072485	bid	61.87
IVE	1296072485	ask	61.88
IVE	1296072490	price	61.88
IVE	1296072490	bid	61.88
IVE	1296072490	ask	61.89
IVE	1296072497	bid	61.87
IVE	1296072497	ask	61.88
IVE	1296072513	bid	61.88
IVE	1296072513	ask	61.89
IVE	1296072513	price	61.878
IVE	1296072557	price	61.8924
IVE	1296072557	ask	61.9
IVE	1296072566	price	61.88
IVE	1296072566	bid	61.87
IVE	1296072566	ask	61.89
IVE	1296072585	price	61.9
IVE	1296072585	bid	61.89
IVE	1296072585	ask	61.9
IVE	1296072626	price	61.894
IVE	1296072626	ask	61.91
IVE	1296072639	price	61.89
IVE	1296072639	ask	61.9
IVE	1296072640	price	61.88
IVE	1296072640	bid	61.88
IVE	1296072640	ask	61.89
IVE	1296072659	price	61.89
IVE	1296072664	price	61.9
IVE	1296072664	bid	61.89
IVE	1296072664	ask	61.9
IVE	1296072670	price	61.92
IVE	1296072670	bid	61.92
IVE	1296072670	ask	61.93
IVE	1296072681	price	61.91
IVE	1296072681	bid	61.91
IVE	1296072681	ask	61.92
IVE	1296072681	price	61.9119
IVE	1296072692	price	61.91
IVE	1296072705	price	61.92
IVE	1296072705	bid	61.92
IVE	1296072705	ask	61.93
IVE	1296072705	price	61.91
IVE	1296072705	price	61.92
IVE	1296072705	price	61.91
IVE	1296072705	price	61.92
IVE	1296072705	price	61.91
IVE	1296072705	bid	61.91
IVE	1296072705	ask	61.92
IVE	1296072705	price	61.9201
IVE	1296072705	price	61.92
IVE	1296072705	price	61.91
IVE	1296072705	price	61.9103
IVE	1296072705	price	61.91
IVE	1296072705	price	61.9
IVE	1296072719	price	61.9119
IVE	1296072735	price	61.92
IVE	1296072735	bid	61.92
IVE	1296072735	ask	61.93
IVE	1296072735	price	61.93
IVE	1296072761	price	61.9119
IVE	1296072761	bid	61.91
IVE	1296072762	price	61.93
IVE	1296072762	bid	61.92
IVE	1296072773	price	61.919
IVE	1296072773	bid	61.91
IVE	1296072773	ask	61.92
IVE	1296072800	price	61.91
IVE	1296072807	price	61.92
IVE	1296072807	bid	61.92
IVE	1296072807	ask	61.93
IVE	1296072807	price	61.93
IVE	1296072807	bid	61.93
IVE	1296072807	ask	61.94
IVE	1296072860	price	61.9465
IVE	1296072860	bid	61.94
IVE	1296072860	ask	61.95
IVE	1296072860	price	61.947
IVE	1296072860	price	61.9477
IVE	1296072860	price	61.949
IVE	1296072869	price	61.95
IVE	1296072873	bid	61.95
IVE	1296072873	ask	61.96
IVE	1296072876	bid	61.94
IVE	1296072876	ask	61.95
IVE	1296072876	price	61.94
IVE	1296072886	price	61.96
IVE	1296072886	bid	61.96
IVE	1296072886	ask	61.96
IVE	1296072886	ask	61.97
IVE	1296072886	price	61.97
IVE	1296072886	bid	61.97
IVE	1296072886	ask	61.98
IVE	1296072888	bid	61.96
IVE	1296072888	ask	61.97
IVE	1296072888	bid	61.97
IVE	1296072888	ask	61.98
IVE	1296072890	bid	61.96
IVE	1296072890	ask	61.97
IVE	1296072896	price	61.95
IVE	1296072896	bid	61.95
IVE	1296072896	ask	61.95
IVE	1296072896	price	61.94
IVE	1296072896	bid	61.94
IVE	1296072900	price	61.93
IVE	1296072900	bid	61.93
IVE	1296072900	ask	61.94
IVE	1296072904	price	61.94
IVE	1296072904	bid	61.94
IVE	1296072904	ask	61.95
IVE	1296072915	price	61.95
IVE	1296072915	bid	61.95
IVE	1296072925	price	61.939
IVE	1296072925	bid	61.93
IVE	1296072925	ask	61.94
IVE	1296072947	price	61.93
IVE	1296072947	bid	61.92
IVE	1296072947	ask	61.93
IVE	1296072947	price	61.9301
IVE	1296072947	price	61.92
IVE	1296072959	price	61.91
IVE	1296072959	bid	61.91
IVE	1296072959	ask	61.92
IVE	1296072959	bid	61.9
IVE	1296072959	ask	61.91
IVE	1296072959	price	61.9
IVE	1296072961	price	61.89
IVE	1296072961	bid	61.88
IVE	1296072961	ask	61.89
IVE	1296072978	price	61.88
IVE	1296072978	bid	61.87
IVE	1296072978	price	61.87
IVE	1296072978	ask	61.88
IVE	1296072978	ask	61.87
IVE	1296072996	price	61.8899
IVE	1296072996	bid	61.88
IVE	1296072996	ask	61.89
IVE	1296072996	price	61.89
IVE	1296072996	ask	61.9
IVE	1296073000	price	61.88
IVE	1296073000	ask	61.89
IVE	1296073050	price	61.89
IVE	1296073065	price	61.88
IVE	1296073065	bid	61.87
IVE	1296073065	ask	61.88
IVE	1296073099	price	61.8883
IVE	1296073099	bid	61.88
IVE	1296073099	ask	61.89
IVE	1296073099	price	61.8888
IVE	1296073099	price	61.889
IVE	1296073120	price	61.9
IVE	1296073120	bid	61.9
IVE	1296073120	ask	61.91
IVE	1296073120	price	61.89
IVE	1296073120	bid	61.89
IVE	1296073120	ask	61.9
IVE	1296073128	price	61.88
IVE	1296073128	bid	61.87
IVE	1296073128	ask	61.88
IVE	1296073135	price	61.87
IVE	1296073135	bid	61.86
IVE	1296073135	ask	61.87
IVE	1296073145	bid	61.87
IVE	1296073145	ask	61.88
IVE	1296073153	price	61.86
IVE	1296073153	bid	61.85
IVE	1296073153	ask	61.86
IVE	1296073153	price	61.87
IVE	1296073153	price	61.86
IVE	1296073153	price	61.87
IVE	1296073153	price	61.86
IVE	1296073159	price	61.8599
IVE	1296073159	price	61.8588
IVE	1296073168	price	61.85
IVE	1296073168	ask	61.85
IVE	1296073168	bid	61.84
IVE	1296073192	price	61.84
IVE	1296073192	bid	61.83
IVE	1296073192	ask	61.84
IVE	1296073237	price	61.86
IVE	1296073237	bid	61.85
IVE	1296073237	ask	61.87
IVE	1296073255	price	61.88
IVE	1296073255	bid	61.87
IVE	1296073255	ask	61.88
IVE	1296073255	bid	61.88
IVE	1296073256	ask	61.89
IVE	1296073262	price	61.89
IVE	1296073265	price	61.8831
IVE	1296073305	price	61.88
IVE	1296073305	bid	61.87
IVE	1296073305	ask	61.88
IVE	1296073356	price	61.872
IVE	1296073374	price	61.88
IVE	1296073374	bid	61.88
IVE	1296073374	ask	61.89
IVE	1296073381	price	61.8899
IVE	1296073398	price	61.89
IVE	1296073426	price	61.8899
IVE	1296073437	price	61.9
IVE	1296073437	bid	61.89
IVE	1296073437	ask	61.9
IVE	1296073444	price	61.8901
IVE	1296073494	price	61.901
IVE	1296073494	bid	61.9
IVE	1296073494	ask	61.91
IVE	1296073496	price	61.91
IVE	1296073498	price	61.89
IVE	1296073498	bid	61.88
IVE	1296073498	ask	61.89
IVE	1296073519	price	61.88
IVE	1296073519	bid	61.87
IVE	1296073519	ask	61.88
IVE	1296073598	price	61.89
IVE	1296073598	bid	61.88
IVE	1296073598	ask	61.89
IVE	1296073602	price	61.88
IVE	1296073602	bid	61.87
IVE	1296073618	price	61.876
IVE	1296073618	ask	61.88
IVE	1296073618	price	61.877
IVE	1296073662	price	61.88
IVE	1296073687	price	61.87
IVE	1296073687	bid	61.86
IVE	1296073687	ask	61.87
IVE	1296073706	price	61.8792
IVE	1296073706	bid	61.87
IVE	1296073706	ask	61.88
IVE	1296073721	price	61.89
IVE	1296073721	bid	61.89
IVE	1296073721	ask	61.9
IVE	1296073723	price	61.901
IVE	1296073740	price	61.8956
IVE	1296073740	ask	61.91
IVE	1296073771	price	61.91
IVE	1296073771	bid	61.9
IVE	1296073771	ask	61.92
IVE	1296073791	price	61.93
IVE	1296073791	bid	61.92
IVE	1296073791	ask	61.93
IVE	1296073833	price	61.92
IVE	1296073846	price	61.9
IVE	1296073846	bid	61.89
IVE	1296073846	ask	61.9
IVE	1296073849	price	61.88
IVE	1296073849	bid	61.88
IVE	1296073849	ask	61.89
IVE	1296073850	ask	61.88
IVE	1296073850	bid	61.87
IVE	1296073850	bid	61.88
IVE	1296073862	price	61.89
IVE	1296073862	ask	61.89
IVE	1296073965	bid	61.89
IVE	1296073965	ask	61.9
IVE	1296073979	price	61.91
IVE	1296073979	bid	61.9
IVE	1296073979	ask	61.91
IVE	1296073990	price	61.9
IVE	1296073990	bid	61.89
IVE	1296074032	ask	61.9
IVE	1296074059	price	61.908
IVE	1296074059	ask	61.91
IVE	1296074060	price	61.91
IVE	1296074060	bid	61.9
IVE	1296074063	price	61.9
IVE	1296074063	bid	61.89
IVE	1296074063	price	61.89
IVE	1296074063	price	61.8931
IVE	1296074063	ask	61.9
IVE	1296074074	price	61.89
IVE	1296074074	bid	61.88
IVE	1296074074	ask	61.89
IVE	1296074074	price	61.881
IVE	1296074074	price	61.892
IVE	1296074075	price	61.882
IVE	1296074098	price	61.8954
IVE	1296074098	ask	61.9
IVE	1296074098	price	61.8962
IVE	1296074098	price	61.8971
IVE	1296074098	price	61.899
IVE	1296074099	price	61.896
IVE	1296074117	price	61.8892
IVE	1296074141	price	61.8801
IVE	1296074159	price	61.881
IVE	1296074159	ask	61.89
IVE	1296074168	price	61.88
IVE	1296074168	bid	61.87
IVE	1296074168	ask	61.88
IVE	1296074168	price	61.87
IVE	1296074187	price	61.88
IVE	1296074210	price	61.896
IVE	1296074210	bid	61.89
IVE	1296074210	ask	61.9
IVE	1296074210	price	61.899
IVE	1296074218	price	61.89
IVE	1296074228	price	61.9
IVE	1296074231	price	61.91
IVE	1296074231	ask	61.91
IVE	1296074254	price	61.89
IVE	1296074254	bid	61.88
IVE	1296074254	ask	61.89
IVE	1296074274	price	61.8816
IVE	1296074278	price	61.88
IVE	1296074280	price	61.881
IVE	1296074292	price	61.88
IVE	1296074309	bid	61.87
IVE	1296074309	ask	61.88
IVE	1296074314	price	61.87
IVE	1296074314	bid	61.86
IVE	1296074314	ask	61.87
IVE	1296074314	price	61.86
IVE	1296074316	bid	61.85
IVE	1296074316	ask	61.86
IVE	1296074332	price	61.85
IVE	1296074339	price	61.8535
IVE	1296074342	price	61.85
IVE	1296074360	bid	61.84
IVE	1296074360	ask	61.85
IVE	1296074367	price	61.842
IVE	1296074378	price	61.85
IVE	1296074378	bid	61.85
IVE	1296074378	ask	61.86
IVE	1296074398	price	61.86
IVE	1296074398	price	61.8506
IVE	1296074407	price	61.86
IVE	1296074407	bid	61.86
IVE	1296074407	ask	61.87
IVE	1296074408	price	61.87
IVE	1296074414	price	61.8602
IVE	1296074414	price	61.8601
IVE	1296074414	price	61.86
IVE	1296074414	price	61.8601
IVE	1296074414	price	61.861
IVE	1296074419	price	61.87
IVE	1296074419	bid	61.87
IVE	1296074419	ask	61.88
IVE	1296074454	price	61.88
IVE	1296074482	price	61.879
IVE	1296074504	price	61.88
IVE	1296074525	price	61.87
IVE	1296074552	price	61.88
IVE	1296074552	bid	61.88
IVE	1296074552	ask	61.89
IVE	1296074552	price	61.89
IVE	1296074571	price	61.88
IVE	1296074587	price	61.89
IVE	1296074587	bid	61.89
IVE	1296074587	price	61.9
IVE	1296074587	bid	61.9
IVE	1296074587	ask	61.91
IVE	1296074587	price	61.91
IVE	1296074597	price	61.9
IVE	1296074598	bid	61.89
IVE	1296074598	ask	61.9
IVE	1296074598	price	61.89
IVE	1296074623	price	61.8935
IVE	1296074657	price	61.89
IVE	1296074657	bid	61.88
IVE	1296074657	ask	61.89
IVE	1296074715	price	61.88
IVE	1296074723	price	61.89
IVE	1296074751	price	61.9
IVE	1296074751	bid	61.89
IVE	1296074751	ask	61.9
IVE	1296074785	ask	61.91
IVE	1296074785	bid	61.9
IVE	1296074788	price	61.903
IVE	1296074789	price	61.9008
IVE	1296074796	price	61.91
IVE	1296074796	bid	61.91
IVE	1296074796	ask	61.92
IVE	1296074835	price	61.9198
IVE	1296074836	price	61.92
IVE	1296074854	price	61.94
IVE	1296074854	bid	61.94
IVE	1296074854	ask	61.95
IVE	1296074856	bid	61.93
IVE	1296074859	price	61.93
IVE	1296074859	bid	61.92
IVE	1296074859	ask	61.93
IVE	1296074867	price	61.92
IVE	1296074868	price	61.93
IVE	1296074875	price	61.91
IVE	1296074875	bid	61.9
IVE	1296074875	ask	61.91
IVE	1296074891	bid	61.91
IVE	1296074891	ask	61.92
IVE	1296074902	price	61.92
IVE	1296074918	price	61.9281
IVE	1296074918	bid	61.92
IVE	1296074918	ask	61.93
IVE	1296074928	price	61.93
IVE	1296074928	bid	61.93
IVE	1296074928	ask	61.94
IVE	1296074931	price	61.92
IVE	1296074931	bid	61.91
IVE	1296074931	ask	61.92
IVE	1296074941	price	61.9235
IVE	1296074941	bid	61.92
IVE	1296074941	ask	61.93
IVE	1296074959	price	61.92
IVE	1296074959	ask	61.92
IVE	1296074968	price	61.93
IVE	1296074968	bid	61.93
IVE	1296074968	ask	61.94
IVE	1296074968	bid	61.92
IVE	1296074968	ask	61.93
IVE	1296074980	bid	61.93
IVE	1296074980	ask	61.94
IVE	1296075001	price	61.94
IVE	1296075001	bid	61.94
IVE	1296075001	ask	61.95
IVE	1296075006	price	61.95
IVE	1296075029	price	61.94
IVE	1296075032	price	61.948
IVE	1296075035	price	61.94
IVE	1296075035	bid	61.93
IVE	1296075035	ask	61.94
IVE	1296075039	price	61.93
IVE	1296075054	bid	61.92
IVE	1296075054	price	61.94
IVE	1296075054	bid	61.93
IVE	1296075059	bid	61.94
IVE	1296075059	ask	61.95
IVE	1296075060	bid	61.93
IVE	1296075060	ask	61.94
IVE	1296075096	price	61.9435
IVE	1296075096	bid	61.94
IVE	1296075096	ask	61.95
IVE	1296075113	price	61.94
IVE	1296075113	bid	61.93
IVE	1296075113	ask	61.94
IVE	1296075115	price	61.92
IVE	1296075115	bid	61.92
IVE	1296075115	ask	61.93
IVE	1296075132	price	61.94
IVE	1296075132	bid	61.94
IVE	1296075132	ask	61.95
IVE	1296075151	price	61.95
IVE	1296075151	bid	61.95
IVE	1296075153	ask	61.96
IVE	1296075159	ask	61.95
IVE	1296075217	price	61.951
IVE	1296075217	ask	61.96
IVE	1296075219	price	61.95
IVE	1296075219	bid	61.94
IVE	1296075219	ask	61.95
IVE	1296075241	price	61.94
IVE	1296075241	bid	61.93
IVE	1296075241	ask	61.94
IVE	1296075241	price	61.93
IVE	1296075269	bid	61.92
IVE	1296075269	ask	61.93
IVE	1296075271	bid	61.93
IVE	1296075271	ask	61.94
IVE	1296075277	price	61.9301
IVE	1296075301	price	61.93
IVE	1296075302	bid	61.92
IVE	1296075302	ask	61.93
IVE	1296075305	price	61.92
IVE	1296075305	bid	61.91
IVE	1296075305	ask	61.92
IVE	1296075318	price	61.91
IVE	1296075318	bid	61.9
IVE	1296075318	ask	61.91
IVE	1296075361	price	61.9
IVE	1296075361	bid	61.89
IVE	1296075361	ask	61.9
IVE	1296075383	bid	61.9
IVE	1296075383	ask	61.91
IVE	1296075393	price	61.89
IVE	1296075393	bid	61.89
IVE	1296075393	ask	61.9
IVE	1296075393	price	61.88
IVE	1296075393	bid	61.87
IVE	1296075393	ask	61.88
IVE	1296075394	price	61.8781
IVE	1296075404	price	61.88
IVE	1296075413	price	61.887
IVE	1296075413	bid	61.88
IVE	1296075413	ask	61.89
IVE	1296075450	price	61.88
IVE	1296075450	bid	61.87
IVE	1296075450	ask	61.88
IVE	1296075514	price	61.8718
IVE	1296075530	price	61.8768
IVE	1296075536	price	61.88
IVE	1296075544	price	61.87
IVE	1296075544	bid	61.86
IVE	1296075544	ask	61.87
IVE	1296075558	price	61.86
IVE	1296075558	bid	61.85
IVE	1296075571	price	61.85
IVE	1296075571	ask	61.86
IVE	1296075575	price	61.84
IVE	1296075575	bid	61.83
IVE	1296075575	ask	61.84
IVE	1296075584	price	61.8399
IVE	1296075595	price	61.83
IVE	1296075597	bid	61.82
IVE	1296075597	price	61.82
IVE	1296075597	bid	61.81
IVE	1296075597	ask	61.83
IVE	1296075600	price	61.81
IVE	1296075600	ask	61.82
