IVE	1578061800	price	129.33
IVE	1578061800	bid	129.19
IVE	1578061800	ask	129.39
IVE	1578061810	price	129.2912
IVE	1578061810	bid	129.13
IVE	1578061810	ask	129.42
IVE	1578061828	price	129.39
IVE	1578061828	bid	129.15
IVE	1578061828	ask	129.39
IVE	1578061845	price	129.3439
IVE	1578061845	bid	129.16
IVE	1578061858	price	129.39
IVE	1578061858	bid	129.32
IVE	1578061858	ask	129.41
IVE	1578061862	price	129.41
IVE	1578061862	bid	129.29
IVE	1578061862	ask	129.42
IVE	1578061862	bid	129.41
IVE	1578061862	ask	129.46
IVE	1578061862	price	129.42
IVE	1578061862	price	129.43
IVE	1578061880	price	129.44
IVE	1578061880	bid	129.37
IVE	1578061880	ask	129.44
IVE	1578061880	bid	129.44
IVE	1578061880	ask	129.45
IVE	1578061884	price	129.43
IVE	1578061884	bid	129.4
IVE	1578061884	ask	129.44
IVE	1578061884	bid	129.41
IVE	1578061884	ask	129.43
IVE	1578061885	bid	129.43
IVE	1578061885	ask	129.44
IVE	1578061886	price	129.44
IVE	1578061886	bid	129.44
IVE	1578061886	ask	129.45
IVE	1578061886	bid	129.43
IVE	1578061886	ask	129.44
IVE	1578061886	bid	129.44
IVE	1578061886	ask	129.45
IVE	1578061902	price	129.49
IVE	1578061902	bid	129.45
IVE	1578061902	ask	129.49
IVE	1578061904	bid	129.49
IVE	1578061904	ask	129.54
IVE	1578061904	price	129.5
IVE	1578061916	price	129.518
IVE	1578061916	bid	129.44
IVE	1578061916	ask	129.59
IVE	1578061924	price	129.5357
IVE	1578061924	bid	129.45
IVE	1578061924	ask	129.58
IVE	1578061928	price	129.5799
IVE	1578061935	price	129.52
IVE	1578061935	bid	129.52
IVE	1578061935	ask	129.55
IVE	1578061935	price	129.544
IVE	1578061935	ask	129.57
IVE	1578061936	price	129.5434
IVE	1578061942	price	129.55
IVE	1578061942	bid	129.55
IVE	1578061942	ask	129.59
IVE	1578061949	bid	129.54
IVE	1578061957	price	129.5766
IVE	1578061957	ask	129.6
IVE	1578061986	price	129.58
IVE	1578061986	bid	129.57
IVE	1578061986	ask	129.58
IVE	1578061986	price	129.57
IVE	1578061986	ask	129.57
IVE	1578061986	bid	129.56
IVE	1578061987	price	129.56
IVE	1578061987	bid	129.55
IVE	1578061992	price	129.57
IVE	1578061992	bid	129.57
IVE	1578061992	ask	129.59
IVE	1578062009	price	129.6117
IVE	1578062009	ask	129.63
IVE	1578062017	price	129.63
IVE	1578062017	bid	129.59
IVE	1578062017	ask	129.64
IVE	1578062024	price	129.64
IVE	1578062024	bid	129.64
IVE	1578062024	ask	129.65
IVE	1578062078	price	129.69
IVE	1578062078	bid	129.69
IVE	1578062078	ask	129.75
IVE	1578062083	price	129.7201
IVE	1578062083	bid	129.72
IVE	1578062083	ask	129.77
IVE	1578062110	price	129.67
IVE	1578062110	bid	129.67
IVE	1578062110	ask	129.7
IVE	1578062134	price	129.6
IVE	1578062134	bid	129.57
IVE	1578062134	ask	129.62
IVE	1578062134	price	129.585
IVE	1578062134	price	129.6
IVE	1578062134	ask	129.61
IVE	1578062159	price	129.59
IVE	1578062159	bid	129.58
IVE	1578062159	ask	129.59
IVE	1578062160	price	129.58
IVE	1578062160	bid	129.57
IVE	1578062160	ask	129.58
IVE	1578062160	price	129.57
IVE	1578062160	price	129.575
IVE	1578062162	price	129.58
IVE	1578062162	price	129.585
IVE	1578062163	price	129.58
IVE	1578062163	bid	129.58
IVE	1578062163	ask	129.59
IVE	1578062163	bid	129.57
IVE	1578062163	ask	129.58
IVE	1578062163	price	129.57
IVE	1578062163	bid	129.55
IVE	1578062164	price	129.58
IVE	1578062164	bid	129.58
IVE	1578062164	ask	129.59
IVE	1578062165	bid	129.57
IVE	1578062167	bid	129.58
IVE	1578062167	price	129.59
IVE	1578062167	bid	129.59
IVE	1578062167	ask	129.62
IVE	1578062203	price	129.4797
IVE	1578062203	bid	129.46
IVE	1578062203	ask	129.5
IVE	1578062209	price	129.5
IVE	1578062209	bid	129.5
IVE	1578062209	ask	129.53
IVE	1578062217	price	129.495
IVE	1578062217	bid	129.47
IVE	1578062217	ask	129.52
IVE	1578062226	price	129.52
IVE	1578062226	bid	129.52
IVE	1578062226	ask	129.53
IVE	1578062243	price	129.498
IVE	1578062243	bid	129.49
IVE	1578062306	price	129.52
IVE	1578062306	bid	129.52
IVE	1578062307	price	129.53
IVE	1578062307	bid	129.53
IVE	1578062307	ask	129.54
IVE	1578062307	price	129.54
IVE	1578062309	bid	129.54
IVE	1578062309	ask	129.55
IVE	1578062310	bid	129.53
IVE	1578062310	ask	129.54
IVE	1578062312	bid	129.52
IVE	1578062336	price	129.5137
IVE	1578062336	bid	129.5
IVE	1578062368	price	129.5296
IVE	1578062368	bid	129.51
IVE	1578062368	ask	129.56
IVE	1578062379	price	129.55
IVE	1578062379	ask	129.55
IVE	1578062395	price	129.51
IVE	1578062395	ask	129.52
IVE	1578062395	price	129.515
IVE	1578062396	price	129.52
IVE	1578062396	bid	129.52
IVE	1578062396	ask	129.53
IVE	1578062396	price	129.53
IVE	1578062396	bid	129.53
IVE	1578062396	ask	129.54
IVE	1578062406	price	129.54
IVE	1578062416	price	129.5306
IVE	1578062416	ask	129.56
IVE	1578062451	price	129.52
IVE	1578062451	bid	129.5
IVE	1578062451	ask	129.53
IVE	1578062497	price	129.54
IVE	1578062497	bid	129.54
IVE	1578062497	ask	129.55
IVE	1578062499	bid	129.53
IVE	1578062499	ask	129.54
IVE	1578062500	price	129.53
IVE	1578062500	bid	129.52
IVE	1578062500	ask	129.53
IVE	1578062511	price	129.51
IVE	1578062511	bid	129.51
IVE	1578062511	ask	129.52
IVE	1578062519	bid	129.5
IVE	1578062551	price	129.53
IVE	1578062551	bid	129.53
IVE	1578062551	ask	129.54
IVE	1578062581	price	129.55
IVE	1578062581	bid	129.54
IVE	1578062581	ask	129.55
IVE	1578062581	bid	129.55
IVE	1578062581	ask	129.56
IVE	1578062592	price	129.57
IVE	1578062592	bid	129.56
IVE	1578062592	ask	129.57
IVE	1578062593	price	129.58
IVE	1578062593	bid	129.57
IVE	1578062593	ask	129.58
IVE	1578062627	price	129.65
IVE	1578062627	bid	129.65
IVE	1578062627	ask	129.66
IVE	1578062632	price	129.66
IVE	1578062632	bid	129.66
IVE	1578062632	ask	129.67
IVE	1578062632	price	129.65
IVE	1578062632	price	129.66
IVE	1578062644	price	129.67
IVE	1578062644	bid	129.65
IVE	1578062644	ask	129.66
IVE	1578062660	bid	129.67
IVE	1578062660	ask	129.68
IVE	1578062671	price	129.69
IVE	1578062671	bid	129.68
IVE	1578062671	ask	129.69
IVE	1578062685	price	129.671
IVE	1578062685	bid	129.67
IVE	1578062685	ask	129.68
IVE	1578062703	price	129.72
IVE	1578062703	bid	129.72
IVE	1578062703	ask	129.73
IVE	1578062703	price	129.715
IVE	1578062703	price	129.72
IVE	1578062706	price	129.71
IVE	1578062706	bid	129.71
IVE	1578062706	ask	129.72
IVE	1578062710	price	129.69
IVE	1578062710	bid	129.69
IVE	1578062710	ask	129.7
IVE	1578062711	price	129.7
IVE	1578062711	bid	129.7
IVE	1578062711	ask	129.71
IVE	1578062714	bid	129.69
IVE	1578062714	ask	129.7
IVE	1578062717	ask	129.71
IVE	1578062718	price	129.6934
IVE	1578062718	ask	129.7
IVE	1578062722	price	129.7
IVE	1578062722	bid	129.68
IVE	1578062722	ask	129.69
IVE	1578062722	bid	129.69
IVE	1578062722	price	129.69
IVE	1578062722	price	129.7
IVE	1578062730	price	129.68
IVE	1578062730	bid	129.68
IVE	1578062731	price	129.69
IVE	1578062735	price	129.68
IVE	1578062735	ask	129.7
IVE	1578062745	price	129.71
IVE	1578062745	bid	129.7
IVE	1578062745	ask	129.71
IVE	1578062753	price	129.7194
IVE	1578062753	bid	129.71
IVE	1578062753	ask	129.72
IVE	1578062756	price	129.71
IVE	1578062756	bid	129.7
IVE	1578062756	ask	129.71
IVE	1578062756	bid	129.71
IVE	1578062756	ask	129.72
IVE	1578062767	price	129.68
IVE	1578062767	bid	129.68
IVE	1578062767	ask	129.69
IVE	1578062778	price	129.6678
IVE	1578062778	bid	129.66
IVE	1578062778	ask	129.67
IVE	1578062780	price	129.66
IVE	1578062780	bid	129.65
IVE	1578062780	ask	129.66
IVE	1578062782	bid	129.66
IVE	1578062782	ask	129.67
IVE	1578062784	bid	129.65
IVE	1578062784	ask	129.66
IVE	1578062785	bid	129.66
IVE	1578062785	ask	129.67
IVE	1578062788	price	129.67
IVE	1578062788	bid	129.67
IVE	1578062788	ask	129.68
IVE	1578062788	price	129.68
IVE	1578062788	bid	129.68
IVE	1578062788	ask	129.69
IVE	1578062796	price	129.69
IVE	1578062797	bid	129.69
IVE	1578062797	ask	129.7
IVE	1578062803	price	129.68
IVE	1578062803	bid	129.68
IVE	1578062803	ask	129.69
IVE	1578062803	price	129.69
IVE	1578062804	bid	129.69
IVE	1578062804	ask	129.7
IVE	1578062806	bid	129.68
IVE	1578062806	ask	129.69
IVE	1578062823	price	129.7
IVE	1578062823	bid	129.69
IVE	1578062823	ask	129.7
IVE	1578062823	price	129.69
IVE	1578062823	price	129.7
IVE	1578062823	price	129.69
IVE	1578062823	price	129.7
IVE	1578062823	price	129.69
IVE	1578062823	price	129.7
IVE	1578062823	price	129.69
IVE	1578062823	price	129.7
IVE	1578062823	price	129.69
IVE	1578062823	price	129.7
IVE	1578062823	price	129.69
IVE	1578062823	price	129.7
IVE	1578062823	price	129.69
IVE	1578062823	price	129.7
IVE	1578062823	price	129.69
IVE	1578062823	price	129.7
IVE	1578062823	price	129.69
IVE	1578062823	price	129.7
IVE	1578062823	price	129.69
IVE	1578062863	price	129.7
IVE	1578062863	bid	129.68
IVE	1578062865	price	129.7018
IVE	1578062865	ask	129.71
IVE	1578062865	price	129.6975
IVE	1578062872	price	129.6917
IVE	1578062929	price	129.68
IVE	1578062929	bid	129.67
IVE	1578062929	ask	129.68
IVE	1578062947	price	129.69
IVE	1578062947	bid	129.68
IVE	1578062947	ask	129.69
IVE	1578062948	bid	129.69
IVE	1578062948	ask	129.71
IVE	1578062951	price	129.7
IVE	1578062951	ask	129.7
IVE	1578062958	price	129.6915
IVE	1578062971	price	129.71
IVE	1578062971	bid	129.7
IVE	1578062971	ask	129.71
IVE	1578063004	price	129.67
IVE	1578063004	bid	129.66
IVE	1578063004	ask	129.68
IVE	1578063006	price	129.66
IVE	1578063006	bid	129.65
IVE	1578063006	ask	129.67
IVE	1578063063	price	129.7
IVE	1578063063	bid	129.7
IVE	1578063063	ask	129.71
IVE	1578063063	price	129.69
IVE	1578063063	bid	129.68
IVE	1578063063	ask	129.69
IVE	1578063064	price	129.68
IVE	1578063073	price	129.6801
IVE	1578063095	price	129.7
IVE	1578063095	bid	129.69
IVE	1578063095	ask	129.71
IVE	1578063105	price	129.69
IVE	1578063105	ask	129.7
IVE	1578063123	price	129.66
IVE	1578063123	bid	129.66
IVE	1578063123	ask	129.67
IVE	1578063128	price	129.665
IVE	1578063128	bid	129.65
IVE	1578063128	ask	129.66
IVE	1578063131	price	129.65
IVE	1578063131	bid	129.64
IVE	1578063131	ask	129.65
IVE	1578063144	bid	129.65
IVE	1578063144	ask	129.66
IVE	1578063156	price	129.64
IVE	1578063156	bid	129.63
IVE	1578063156	ask	129.64
IVE	1578063156	bid	129.64
IVE	1578063156	ask	129.65
IVE	1578063163	price	129.65
IVE	1578063187	ask	129.66
IVE	1578063189	price	129.66
IVE	1578063189	bid	129.65
IVE	1578063193	price	129.67
IVE	1578063193	bid	129.66
IVE	1578063193	ask	129.68
IVE	1578063193	ask	129.67
IVE	1578063199	price	129.68
IVE	1578063199	bid	129.67
IVE	1578063199	ask	129.68
IVE	1578063200	price	129.688
IVE	1578063200	bid	129.68
IVE	1578063200	ask	129.69
IVE	1578063203	price	129.68
IVE	1578063204	bid	129.67
IVE	1578063204	ask	129.68
IVE	1578063225	price	129.665
IVE	1578063225	bid	129.66
IVE	1578063225	ask	129.67
IVE	1578063226	price	129.66
IVE	1578063226	bid	129.65
IVE	1578063226	ask	129.66
IVE	1578063237	price	129.6638
IVE	1578063237	bid	129.66
IVE	1578063237	ask	129.67
IVE	1578063256	price	129.65
IVE	1578063256	bid	129.64
IVE	1578063256	ask	129.65
IVE	1578063258	price	129.66
IVE	1578063258	bid	129.66
IVE	1578063258	ask	129.67
IVE	1578063261	bid	129.65
IVE	1578063261	ask	129.66
IVE	1578063283	price	129.67
IVE	1578063283	bid	129.66
IVE	1578063283	ask	129.67
IVE	1578063285	price	129.66
IVE	1578063287	bid	129.65
IVE	1578063287	ask	129.66
IVE	1578063291	price	129.64
IVE	1578063291	bid	129.63
IVE	1578063291	ask	129.64
IVE	1578063299	price	129.635
IVE	1578063308	price	129.62
IVE	1578063308	bid	129.61
IVE	1578063308	ask	129.62
IVE	1578063345	price	129.58
IVE	1578063345	bid	129.57
IVE	1578063345	ask	129.58
IVE	1578063370	price	129.6261
IVE	1578063370	bid	129.62
IVE	1578063370	ask	129.63
IVE	1578063384	price	129.635
IVE	1578063384	bid	129.63
IVE	1578063384	ask	129.64
IVE	1578063389	price	129.64
IVE	1578063389	bid	129.64
IVE	1578063389	ask	129.65
IVE	1578063413	price	129.66
IVE	1578063413	bid	129.65
IVE	1578063413	ask	129.66
IVE	1578063417	price	129.67
IVE	1578063417	bid	129.67
IVE	1578063417	ask	129.67
IVE	1578063467	price	129.72
IVE	1578063467	bid	129.72
IVE	1578063467	ask	129.73
IVE	1578063535	price	129.7501
IVE	1578063535	bid	129.75
IVE	1578063535	ask	129.8
IVE	1578063572	price	129.74
IVE	1578063572	bid	129.74
IVE	1578063572	ask	129.78
IVE	1578063600	price	129.67
IVE	1578063600	bid	129.67
IVE	1578063600	price	129.68
IVE	1578063600	price	129.67
IVE	1578063600	price	129.68
IVE	1578063600	price	129.67
IVE	1578063600	price	129.68
IVE	1578063600	price	129.67
IVE	1578063600	price	129.68
IVE	1578063600	price	129.67
IVE	1578063600	price	129.68
IVE	1578063600	price	129.67
IVE	1578063600	price	129.6
IVE	1578063600	price	129.66
IVE	1578063600	price	129.6
IVE	1578063600	price	129.59
IVE	1578063600	price	129.6
IVE	1578063600	price	129.59
IVE	1578063600	price	129.56
IVE	1578063600	price	129.59
IVE	1578063600	price	129.6
IVE	1578063600	bid	129.56
IVE	1578063600	ask	129.7
IVE	1578063600	price	129.67
IVE	1578063600	price	129.6
IVE	1578063600	price	129.52
IVE	1578063600	price	129.53
IVE	1578063600	price	129.67
IVE	1578063600	bid	129.5
IVE	1578063600	ask	129.64
IVE	1578063603	price	129.59
IVE	1578063603	bid	129.56
IVE	1578063603	ask	129.71
IVE	1578063614	price	129.53
IVE	1578063614	bid	129.51
IVE	1578063614	ask	129.63
IVE	1578063614	price	129.51
IVE	1578063614	price	129.52
IVE	1578063614	price	129.53
IVE	1578063614	price	129.52
IVE	1578063614	price	129.53
IVE	1578063614	price	129.51
IVE	1578063614	price	129.53
IVE	1578063614	price	129.52
IVE	1578063614	price	129.51
IVE	1578063614	price	129.53
IVE	1578063614	price	129.51
IVE	1578063614	price	129.53
IVE	1578063614	price	129.52
IVE	1578063614	price	129.53
IVE	1578063614	price	129.52
IVE	1578063614	price	129.53
IVE	1578063614	price	129.52
IVE	1578063614	price	129.51
IVE	1578063614	price	129.53
IVE	1578063614	price	129.52
IVE	1578063614	price	129.51
IVE	1578063614	price	129.52
IVE	1578063614	price	129.51
IVE	1578063614	price	129.5
IVE	1578063614	price	129.51
IVE	1578063614	bid	129.43
IVE	1578063614	ask	129.55
IVE	1578063614	bid	129.44
IVE	1578063614	ask	129.63
IVE	1578063619	price	129.49
IVE	1578063619	ask	129.54
IVE	1578063627	price	129.488
IVE	1578063627	bid	129.48
IVE	1578063627	ask	129.56
IVE	1578063630	price	129.56
IVE	1578063630	bid	129.52
IVE	1578063630	ask	129.57
IVE	1578063630	price	129.57
IVE	1578063630	ask	129.58
IVE	1578063632	price	129.62
IVE	1578063632	bid	129.58
IVE	1578063632	ask	129.62
IVE	1578063633	price	129.63
IVE	1578063633	bid	129.59
IVE	1578063633	ask	129.63
IVE	1578063635	bid	129.6
IVE	1578063635	ask	129.64
IVE	1578063635	price	129.64
IVE	1578063674	price	129.62
IVE	1578063674	bid	129.62
IVE	1578063674	ask	129.65
IVE	1578063679	price	129.63
IVE	1578063679	bid	129.6
IVE	1578063679	ask	129.66
IVE	1578063689	price	129.6471
IVE	1578063689	bid	129.63
IVE	1578063689	ask	129.68
IVE	1578063709	price	129.62
IVE	1578063709	bid	129.6
IVE	1578063709	ask	129.65
IVE	1578063720	price	129.58
IVE	1578063720	bid	129.56
IVE	1578063720	ask	129.6
IVE	1578063729	price	129.53
IVE	1578063729	bid	129.52
IVE	1578063729	ask	129.54
IVE	1578063729	price	129.52
IVE	1578063749	price	129.54
IVE	1578063749	ask	129.55
IVE	1578063783	price	129.49
IVE	1578063783	bid	129.49
IVE	1578063783	ask	129.5
IVE	1578063790	price	129.51
IVE	1578063790	bid	129.5
IVE	1578063790	ask	129.51
IVE	1578063790	ask	129.52
IVE	1578063790	price	129.52
IVE	1578063790	ask	129.51
IVE	1578063790	price	129.51
IVE	1578063790	price	129.52
IVE	1578063790	price	129.51
IVE	1578063790	bid	129.51
IVE	1578063790	ask	129.52
IVE	1578063790	price	129.52
IVE	1578063790	price	129.51
IVE	1578063790	bid	129.5
IVE	1578063790	price	129.52
IVE	1578063790	ask	129.51
IVE	1578063790	price	129.51
IVE	1578063790	price	129.52
IVE	1578063790	price	129.51
IVE	1578063790	price	129.5
IVE	1578063790	ask	129.5
IVE	1578063790	price	129.49
IVE	1578063790	bid	129.49
IVE	1578063790	price	129.48
IVE	1578063790	price	129.49
IVE	1578063790	price	129.48
IVE	1578063790	price	129.49
IVE	1578063790	price	129.48
IVE	1578063790	bid	129.48
IVE	1578063790	ask	129.49
IVE	1578063790	price	129.47
IVE	1578063790	price	129.48
IVE	1578063790	price	129.46
IVE	1578063790	price	129.47
IVE	1578063790	bid	129.47
IVE	1578063790	ask	129.48
IVE	1578063790	bid	129.45
IVE	1578063790	ask	129.47
IVE	1578063790	price	129.48
IVE	1578063790	price	129.47
IVE	1578063790	bid	129.46
IVE	1578063790	price	129.48
IVE	1578063790	price	129.47
IVE	1578063790	price	129.48
IVE	1578063790	price	129.47
IVE	1578063790	bid	129.47
IVE	1578063790	ask	129.48
IVE	1578063790	price	129.48
IVE	1578063790	price	129.47
IVE	1578063790	price	129.48
IVE	1578063790	price	129.47
IVE	1578063790	price	129.48
IVE	1578063790	price	129.47
IVE	1578063790	price	129.48
IVE	1578063790	price	129.47
IVE	1578063790	price	129.48
IVE	1578063790	price	129.49
IVE	1578063790	ask	129.49
IVE	1578063790	price	129.48
IVE	1578063790	price	129.49
IVE	1578063790	price	129.48
IVE	1578063790	price	129.49
IVE	1578063790	price	129.48
IVE	1578063790	price	129.49
IVE	1578063790	ask	129.48
IVE	1578063790	price	129.48
IVE	1578063790	price	129.49
IVE	1578063790	price	129.48
IVE	1578063792	price	129.47
IVE	1578063792	bid	129.46
IVE	1578063792	ask	129.47
IVE	1578063793	price	129.46
IVE	1578063793	bid	129.45
IVE	1578063793	ask	129.46
IVE	1578063794	price	129.45
IVE	1578063796	price	129.46
IVE	1578063796	price	129.45
IVE	1578063801	price	129.44
IVE	1578063801	bid	129.43
IVE	1578063801	ask	129.44
IVE	1578063806	price	129.43
IVE	1578063806	price	129.44
IVE	1578063806	bid	129.44
IVE	1578063806	ask	129.45
IVE	1578063810	price	129.46
IVE	1578063810	bid	129.46
IVE	1578063810	ask	129.47
IVE	1578063815	bid	129.45
IVE	1578063815	ask	129.46
IVE	1578063822	price	129.47
IVE	1578063822	bid	129.46
IVE	1578063822	ask	129.47
IVE	1578063822	bid	129.47
IVE	1578063822	ask	129.48
IVE	1578063822	price	129.48
IVE	1578063840	price	129.45
IVE	1578063840	bid	129.45
IVE	1578063840	ask	129.46
IVE	1578063847	price	129.48
IVE	1578063847	bid	129.46
IVE	1578063847	ask	129.48
IVE	1578063860	price	129.51
IVE	1578063860	bid	129.5
IVE	1578063860	ask	129.51
IVE	1578063861	price	129.52
IVE	1578063861	bid	129.51
IVE	1578063861	ask	129.52
IVE	1578063869	ask	129.53
IVE	1578063870	bid	129.52
IVE	1578063870	bid	129.51
IVE	1578063870	ask	129.52
IVE	1578063884	price	129.49
IVE	1578063884	bid	129.47
IVE	1578063884	ask	129.51
IVE	1578063901	price	129.43
IVE	1578063901	bid	129.42
IVE	1578063901	ask	129.45
IVE	1578063910	price	129.46
IVE	1578063910	bid	129.44
IVE	1578063910	ask	129.46
IVE	1578063910	bid	129.45
IVE	1578063912	bid	129.46
IVE	1578063912	ask	129.47
IVE	1578063926	price	129.4717
IVE	1578063926	bid	129.47
IVE	1578063926	ask	129.48
IVE	1578063959	price	129.49
IVE	1578063959	bid	129.49
IVE	1578063959	ask	129.51
IVE	1578063961	price	129.5
IVE	1578063961	bid	129.5
IVE	1578063961	price	129.505
IVE	1578063961	bid	129.49
IVE	1578063961	ask	129.5
IVE	1578063961	price	129.5
IVE	1578063961	price	129.505
IVE	1578063964	price	129.5
IVE	1578063968	price	129.51
IVE	1578063968	bid	129.51
IVE	1578063968	ask	129.52
IVE	1578063983	price	129.52
IVE	1578064003	price	129.5233
IVE	1578064003	ask	129.55
IVE	1578064057	price	129.54
IVE	1578064057	ask	129.54
IVE	1578064092	price	129.53
IVE	1578064092	bid	129.52
IVE	1578064092	ask	129.53
IVE	1578064107	price	129.5
IVE	1578064107	bid	129.5
IVE	1578064107	ask	129.51
IVE	1578064108	price	129.51
IVE	1578064108	bid	129.51
IVE	1578064108	ask	129.52
IVE	1578064116	price	129.53
IVE	1578064116	bid	129.52
IVE	1578064116	ask	129.53
IVE	1578064124	price	129.51
IVE	1578064124	bid	129.5
IVE	1578064124	ask	129.52
IVE	1578064134	price	129.52
IVE	1578064134	bid	129.52
IVE	1578064134	ask	129.53
IVE	1578064138	price	129.524
IVE	1578064150	price	129.529
IVE	1578064155	price	129.53
IVE	1578064155	bid	129.53
IVE	1578064155	ask	129.54
IVE	1578064157	price	129.54
IVE	1578064157	bid	129.55
IVE	1578064157	ask	129.55
IVE	1578064158	price	129.55
IVE	1578064158	ask	129.56
IVE	1578064158	price	129.56
IVE	1578064173	price	129.57
IVE	1578064173	bid	129.56
IVE	1578064173	ask	129.57
IVE	1578064178	price	129.59
IVE	1578064178	bid	129.59
IVE	1578064178	ask	129.61
IVE	1578064179	price	129.58
IVE	1578064179	bid	129.58
IVE	1578064179	ask	129.59
IVE	1578064187	price	129.59
IVE	1578064187	bid	129.59
IVE	1578064187	ask	129.6
IVE	1578064189	bid	129.58
IVE	1578064189	price	129.6
IVE	1578064189	price	129.58
IVE	1578064189	bid	129.57
IVE	1578064189	ask	129.58
IVE	1578064193	price	129.59
IVE	1578064193	bid	129.58
IVE	1578064193	ask	129.59
IVE	1578064200	price	129.56
IVE	1578064200	bid	129.56
IVE	1578064200	ask	129.57
IVE	1578064206	price	129.55
IVE	1578064206	bid	129.54
IVE	1578064206	ask	129.55
IVE	1578064236	price	129.54
IVE	1578064246	price	129.5407
IVE	1578064246	price	129.55
IVE	1578064246	bid	129.55
IVE	1578064246	ask	129.56
IVE	1578064250	price	129.565
IVE	1578064250	bid	129.56
IVE	1578064250	ask	129.57
IVE	1578064265	price	129.56
IVE	1578064275	price	129.5643
IVE	1578064280	price	129.56
IVE	1578064280	bid	129.55
IVE	1578064280	ask	129.56
IVE	1578064297	price	129.53
IVE	1578064297	bid	129.53
IVE	1578064297	ask	129.54
IVE	1578064306	price	129.557
IVE	1578064306	bid	129.55
IVE	1578064306	ask	129.56
IVE	1578064319	price	129.55
IVE	1578064321	price	129.555
IVE	1578064365	price	129.58
IVE	1578064365	bid	129.58
IVE	1578064365	ask	129.59
IVE	1578064373	price	129.6
IVE	1578064373	bid	129.59
IVE	1578064373	ask	129.6
IVE	1578064410	price	129.59
IVE	1578064419	ask	129.59
IVE	1578064419	bid	129.58
IVE	1578064419	ask	129.58
IVE	1578064419	bid	129.57
IVE	1578064419	price	129.58
IVE	1578064419	price	129.57
IVE	1578064419	price	129.56
IVE	1578064419	ask	129.57
IVE	1578064419	price	129.58
IVE	1578064419	price	129.57
IVE	1578064419	price	129.56
IVE	1578064419	price	129.55
IVE	1578064419	bid	129.55
IVE	1578064419	ask	129.56
IVE	1578064420	price	129.54
IVE	1578064420	bid	129.54
IVE	1578064420	ask	129.55
IVE	1578064431	price	129.56
IVE	1578064431	bid	129.56
IVE	1578064431	ask	129.57
IVE	1578064434	price	129.565
IVE	1578064473	price	129.61
IVE	1578064473	bid	129.61
IVE	1578064473	ask	129.62
IVE	1578064481	price	129.62
IVE	1578064481	bid	129.62
IVE	1578064481	ask	129.63
IVE	1578064496	price	129.6437
IVE	1578064496	bid	129.64
IVE	1578064496	ask	129.65
IVE	1578064503	price	129.6513
IVE	1578064503	bid	129.65
IVE	1578064503	ask	129.66
IVE	1578064505	price	129.6403
IVE	1578064505	bid	129.64
IVE	1578064505	ask	129.65
IVE	1578064513	price	129.66
IVE	1578064513	bid	129.66
IVE	1578064513	ask	129.67
IVE	1578064513	price	129.6607
IVE	1578064515	price	129.669
IVE	1578064515	price	129.6658
IVE	1578064522	price	129.675
IVE	1578064522	bid	129.67
IVE	1578064522	ask	129.68
IVE	1578064527	price	129.6707
IVE	1578064528	price	129.68
IVE	1578064528	bid	129.68
IVE	1578064528	ask	129.69
IVE	1578064560	price	129.71
IVE	1578064560	bid	129.7
IVE	1578064560	ask	129.71
IVE	1578064563	price	129.72
IVE	1578064563	bid	129.71
IVE	1578064563	ask	129.72
IVE	1578064563	price	129.7158
IVE	1578064571	price	129.71
IVE	1578064574	price	129.72
IVE	1578064577	price	129.71
IVE	1578064577	bid	129.7
IVE	1578064577	ask	129.71
IVE	1578064587	price	129.7
IVE	1578064596	price	129.71
IVE	1578064596	bid	129.69
IVE	1578064596	price	129.7028
IVE	1578064615	price	129.69
IVE	1578064615	ask	129.7
IVE	1578064616	price	129.7
IVE	1578064616	bid	129.7
IVE	1578064616	ask	129.71
IVE	1578064621	bid	129.69
IVE	1578064621	ask	129.7
IVE	1578064624	price	129.68
IVE	1578064624	bid	129.68
IVE	1578064624	ask	129.69
IVE	1578064631	price	129.665
IVE	1578064631	bid	129.66
IVE	1578064631	ask	129.67
IVE	1578064632	price	129.67
IVE	1578064632	bid	129.67
IVE	1578064632	ask	129.68
IVE	1578064644	price	129.679
IVE	1578064645	price	129.67
IVE	1578064674	price	129.66
IVE	1578064674	bid	129.66
IVE	1578064674	ask	129.67
IVE	1578064682	bid	129.65
IVE	1578064682	ask	129.66
IVE	1578064683	price	129.65
IVE	1578064689	bid	129.64
IVE	1578064689	ask	129.65
IVE	1578064695	price	129.64
IVE	1578064718	price	129.6301
IVE	1578064718	bid	129.63
IVE	1578064718	ask	129.64
IVE	1578064721	price	129.64
IVE	1578064721	bid	129.64
IVE	1578064721	ask	129.65
IVE	1578064761	price	129.595
IVE	1578064761	bid	129.59
IVE	1578064761	ask	129.6
IVE	1578064775	price	129.58
IVE	1578064775	bid	129.58
IVE	1578064775	ask	129.59
IVE	1578064793	price	129.56
IVE	1578064793	bid	129.55
IVE	1578064793	ask	129.56
IVE	1578064793	bid	129.56
IVE	1578064793	ask	129.57
IVE	1578064793	bid	129.55
IVE	1578064793	ask	129.56
IVE	1578064794	price	129.55
IVE	1578064794	bid	129.54
IVE	1578064794	ask	129.55
IVE	1578064816	price	129.51
IVE	1578064816	bid	129.5
IVE	1578064816	ask	129.51
IVE	1578064817	price	129.5099
IVE	1578064817	price	129.51
IVE	1578064817	price	129.5092
IVE	1578064817	price	129.51
IVE	1578064817	price	129.5064
IVE	1578064817	price	129.51
IVE	1578064826	price	129.495
IVE	1578064826	bid	129.49
IVE	1578064826	ask	129.5
IVE	1578064840	price	129.5
IVE	1578064840	bid	129.5
IVE	1578064840	ask	129.51
IVE	1578064846	price	129.51
IVE	1578064880	price	129.49
IVE	1578064880	bid	129.48
IVE	1578064880	ask	129.49
IVE	1578064882	price	129.4941
IVE	1578064882	bid	129.49
IVE	1578064882	ask	129.5
IVE	1578064901	price	129.48
IVE	1578064901	bid	129.48
IVE	1578064901	ask	129.49
IVE	1578064941	price	129.49
IVE	1578064941	bid	129.49
IVE	1578064941	ask	129.5
IVE	1578064955	price	129.47
IVE	1578064955	bid	129.46
IVE	1578064955	ask	129.47
IVE	1578064976	bid	129.47
IVE	1578064976	ask	129.48
IVE	1578064997	price	129.51
IVE	1578064997	bid	129.51
IVE	1578064997	ask	129.52
IVE	1578065016	price	129.5068
IVE	1578065016	bid	129.5
IVE	1578065016	ask	129.51
IVE	1578065040	price	129.5309
IVE	1578065040	bid	129.52
IVE	1578065040	ask	129.54
IVE	1578065063	price	129.54
IVE	1578065063	bid	129.54
IVE	1578065063	ask	129.55
IVE	1578065077	price	129.5599
IVE	1578065077	bid	129.55
IVE	1578065077	ask	129.56
IVE	1578065100	price	129.58
IVE	1578065100	bid	129.58
IVE	1578065100	ask	129.59
IVE	1578065100	price	129.5801
IVE	1578065103	price	129.578
IVE	1578065103	bid	129.57
IVE	1578065103	ask	129.58
IVE	1578065103	price	129.5701
IVE	1578065168	price	129.58
IVE	1578065176	bid	129.58
IVE	1578065176	ask	129.59
IVE	1578065180	price	129.59
IVE	1578065191	price	129.603
IVE	1578065191	bid	129.6
IVE	1578065191	ask	129.61
IVE	1578065191	price	129.6
IVE	1578065191	price	129.6001
IVE	1578065192	price	129.6
IVE	1578065192	bid	129.59
IVE	1578065192	ask	129.6
IVE	1578065192	price	129.5999
IVE	1578065192	price	129.5995
IVE	1578065206	price	129.6118
IVE	1578065206	bid	129.61
IVE	1578065206	ask	129.62
IVE	1578065272	price	129.65
IVE	1578065272	bid	129.64
IVE	1578065272	ask	129.65
IVE	1578065272	price	129.6494
IVE	1578065347	price	129.6732
IVE	1578065347	bid	129.67
IVE	1578065347	ask	129.68
IVE	1578065383	price	129.67
IVE	1578065383	ask	129.67
IVE	1578065443	price	129.66
IVE	1578065443	bid	129.66
IVE	1578065443	ask	129.68
IVE	1578065456	price	129.7
IVE	1578065456	bid	129.7
IVE	1578065456	ask	129.71
IVE	1578065462	price	129.69
IVE	1578065462	bid	129.68
IVE	1578065462	ask	129.69
IVE	1578065479	price	129.6695
IVE	1578065479	bid	129.66
IVE	1578065479	ask	129.68
IVE	1578065479	price	129.68
IVE	1578065479	price	129.6705
IVE	1578065483	price	129.67
IVE	1578065483	ask	129.67
IVE	1578065488	bid	129.65
IVE	1578065497	price	129.65
IVE	1578065497	bid	129.64
IVE	1578065497	ask	129.65
IVE	1578065508	price	129.63
IVE	1578065508	bid	129.63
IVE	1578065508	ask	129.64
IVE	1578065511	price	129.6252
IVE	1578065511	bid	129.62
IVE	1578065511	ask	129.63
IVE	1578065526	price	129.61
IVE	1578065526	bid	129.61
IVE	1578065526	ask	129.62
IVE	1578065529	price	129.62
IVE	1578065529	bid	129.62
IVE	1578065529	ask	129.63
IVE	1578065552	price	129.6401
IVE	1578065552	bid	129.64
IVE	1578065552	ask	129.65
IVE	1578065573	price	129.64
IVE	1578065573	ask	129.66
IVE	1578065579	ask	129.65
IVE	1578065612	price	129.67
IVE	1578065612	bid	129.67
IVE	1578065612	ask	129.68
IVE	1578065613	price	129.68
IVE	1578065658	price	129.705
IVE	1578065658	bid	129.7
IVE	1578065658	ask	129.71
IVE	1578065662	price	129.7
IVE	1578065671	price	129.69
IVE	1578065671	bid	129.68
IVE	1578065671	ask	129.69
IVE	1578065672	price	129.685
IVE	1578065674	price	129.6855
IVE	1578065705	price	129.68
IVE	1578065705	ask	129.7
IVE	1578065737	price	129.67
IVE	1578065737	bid	129.67
IVE	1578065737	ask	129.68
IVE	1578065790	price	129.71
IVE	1578065790	bid	129.71
IVE	1578065790	ask	129.72
IVE	1578065794	price	129.73
IVE	1578065794	bid	129.73
IVE	1578065794	ask	129.74
IVE	1578065807	price	129.72
IVE	1578065807	bid	129.72
IVE	1578065807	ask	129.73
IVE	1578065824	price	129.69
IVE	1578065824	bid	129.69
IVE	1578065824	ask	129.7
IVE	1578065829	price	129.68
IVE	1578065829	bid	129.68
IVE	1578065829	ask	129.68
IVE	1578065838	price	129.675
IVE	1578065838	bid	129.67
IVE	1578065871	price	129.67
IVE	1578065871	bid	129.66
IVE	1578065871	ask	129.67
IVE	1578065901	price	129.6832
IVE	1578065901	bid	129.68
IVE	1578065901	ask	129.69
IVE	1578065943	price	129.7
IVE	1578065943	bid	129.69
IVE	1578065957	price	129.69
IVE	1578065957	ask	129.7
IVE	1578065958	bid	129.68
IVE	1578065958	ask	129.69
IVE	1578066012	price	129.71
IVE	1578066012	bid	129.71
IVE	1578066012	ask	129.72
IVE	1578066013	bid	129.7
IVE	1578066013	ask	129.71
IVE	1578066014	price	129.7132
IVE	1578066014	bid	129.71
IVE	1578066014	ask	129.72
IVE	1578066037	price	129.71
IVE	1578066037	bid	129.7
IVE	1578066037	ask	129.71
IVE	1578066093	price	129.7068
IVE	1578066097	price	129.71
IVE	1578066145	price	129.77
IVE	1578066145	bid	129.77
IVE	1578066145	ask	129.78
IVE	1578066145	price	129.78
IVE	1578066145	bid	129.78
IVE	1578066145	ask	129.79
IVE	1578066151	price	129.7726
IVE	1578066151	bid	129.77
IVE	1578066151	ask	129.78
IVE	1578066152	price	129.77
IVE	1578066152	bid	129.76
IVE	1578066152	ask	129.77
IVE	1578066241	price	129.7774
IVE	1578066241	bid	129.77
IVE	1578066241	ask	129.78
IVE	1578066259	price	129.76
IVE	1578066259	bid	129.76
IVE	1578066259	ask	129.77
IVE	1578066288	price	129.78
IVE	1578066288	bid	129.78
IVE	1578066288	ask	129.79
IVE	1578066327	price	129.779
IVE	1578066327	bid	129.77
IVE	1578066327	price	129.78
IVE	1578066327	ask	129.78
IVE	1578066393	price	129.7601
IVE	1578066393	bid	129.76
IVE	1578066393	ask	129.77
IVE	1578066498	price	129.74
IVE	1578066498	bid	129.73
IVE	1578066498	ask	129.74
IVE	1578066509	price	129.725
IVE	1578066509	bid	129.72
IVE	1578066509	ask	129.73
IVE	1578066519	price	129.7299
IVE	1578066531	price	129.72
IVE	1578066558	price	129.7
IVE	1578066558	bid	129.7
IVE	1578066558	ask	129.71
IVE	1578066562	price	129.702
IVE	1578066583	price	129.68
IVE	1578066583	bid	129.68
IVE	1578066583	ask	129.69
IVE	1578066596	price	129.67
IVE	1578066596	bid	129.66
IVE	1578066596	ask	129.67
IVE	1578066601	price	129.66
IVE	1578066607	price	129.62
IVE	1578066607	bid	129.62
IVE	1578066607	ask	129.64
IVE	1578066609	ask	129.63
IVE	1578066633	price	129.59
IVE	1578066633	bid	129.58
IVE	1578066633	ask	129.59
IVE	1578066633	price	129.5874
IVE	1578066634	price	129.59
IVE	1578066662	price	129.57
IVE	1578066662	bid	129.57
IVE	1578066662	ask	129.58
IVE	1578066670	bid	129.56
IVE	1578066670	ask	129.57
IVE	1578066675	price	129.56
IVE	1578066677	price	129.5568
IVE	1578066677	bid	129.55
IVE	1578066677	ask	129.56
IVE	1578066677	price	129.5532
IVE	1578066678	price	129.56
IVE	1578066678	bid	129.56
IVE	1578066678	ask	129.57
IVE	1578066695	price	129.58
IVE	1578066695	bid	129.58
IVE	1578066695	ask	129.59
IVE	1578066701	price	129.57
IVE	1578066701	bid	129.57
IVE	1578066701	ask	129.58
IVE	1578066768	price	129.5492
IVE	1578066768	bid	129.54
IVE	1578066768	ask	129.56
IVE	1578066796	price	129.57
IVE	1578066796	bid	129.57
IVE	1578066796	ask	129.58
IVE	1578066805	price	129.5607
IVE	1578066805	bid	129.56
IVE	1578066808	price	129.5701
IVE	1578066808	bid	129.57
IVE	1578066833	price	129.5702
IVE	1578066833	ask	129.59
IVE	1578066873	price	129.58
IVE	1578066873	bid	129.58
IVE	1578066879	price	129.5701
IVE	1578066879	bid	129.57
IVE	1578066879	ask	129.58
IVE	1578066879	price	129.5745
IVE	1578066885	price	129.57
IVE	1578066901	bid	129.56
IVE	1578066901	ask	129.57
IVE	1578066914	price	129.5589
IVE	1578066914	bid	129.55
IVE	1578066914	ask	129.56
IVE	1578066944	price	129.55
IVE	1578066944	bid	129.54
IVE	1578066944	ask	129.55
IVE	1578066968	price	129.59
IVE	1578066968	bid	129.58
IVE	1578066968	ask	129.59
IVE	1578066996	bid	129.59
IVE	1578066996	ask	129.6
IVE	1578066997	price	129.5901
IVE	1578067026	price	129.5899
IVE	1578067026	bid	129.58
IVE	1578067026	ask	129.59
IVE	1578067060	price	129.6
IVE	1578067060	bid	129.6
IVE	1578067060	ask	129.61
IVE	1578067073	price	129.61
IVE	1578067075	price	129.6001
IVE	1578067200	price	129.61
IVE	1578067202	price	129.5861
IVE	1578067202	bid	129.58
IVE	1578067202	ask	129.59
IVE	1578067208	price	129.59
IVE	1578067219	price	129.5955
IVE	1578067219	bid	129.59
IVE	1578067219	ask	129.6
IVE	1578067224	price	129.5817
IVE	1578067224	bid	129.58
IVE	1578067224	ask	129.59
IVE	1578067234	price	129.59
IVE	1578067234	bid	129.59
IVE	1578067234	ask	129.6
IVE	1578067286	price	129.55
IVE	1578067286	bid	129.55
IVE	1578067286	ask	129.56
IVE	1578067286	price	129.56
IVE	1578067355	price	129.5646
IVE	1578067355	bid	129.56
IVE	1578067355	ask	129.57
IVE	1578067356	price	129.5612
IVE	1578067357	price	129.55
IVE	1578067357	bid	129.55
IVE	1578067357	ask	129.56
IVE	1578067366	price	129.57
IVE	1578067366	bid	129.56
IVE	1578067366	ask	129.57
IVE	1578067392	price	129.55
IVE	1578067392	bid	129.54
IVE	1578067392	ask	129.55
IVE	1578067405	price	129.54
IVE	1578067423	bid	129.53
IVE	1578067423	ask	129.54
IVE	1578067432	price	129.53
IVE	1578067432	bid	129.52
IVE	1578067432	ask	129.53
IVE	1578067439	price	129.5101
IVE	1578067439	bid	129.51
IVE	1578067439	ask	129.52
IVE	1578067453	price	129.5246
IVE	1578067453	bid	129.52
IVE	1578067453	ask	129.53
IVE	1578067468	price	129.52
IVE	1578067468	bid	129.51
IVE	1578067468	ask	129.52
IVE	1578067481	price	129.53
IVE	1578067481	bid	129.53
IVE	1578067481	ask	129.54
IVE	1578067490	price	129.545
IVE	1578067490	bid	129.54
IVE	1578067490	ask	129.55
IVE	1578067514	price	129.5608
IVE	1578067514	bid	129.56
IVE	1578067514	ask	129.57
IVE	1578067569	price	129.56
IVE	1578067570	price	129.5655
IVE	1578067614	price	129.57
IVE	1578067637	price	129.52
IVE	1578067637	bid	129.51
IVE	1578067637	ask	129.52
IVE	1578067638	bid	129.5
IVE	1578067638	ask	129.51
IVE	1578067645	price	129.503
IVE	1578067649	price	129.5
IVE	1578067673	price	129.5237
IVE	1578067673	bid	129.52
IVE	1578067673	ask	129.53
IVE	1578067686	price	129.51
IVE	1578067686	bid	129.51
IVE	1578067686	ask	129.51
IVE	1578067687	price	129.515
IVE	1578067687	ask	129.52
IVE	1578067705	price	129.53
IVE	1578067705	bid	129.53
IVE	1578067705	ask	129.54
IVE	1578067706	price	129.52
IVE	1578067706	bid	129.52
IVE	1578067706	ask	129.53
IVE	1578067708	price	129.53
IVE	1578067708	price	129.5288
IVE	1578067712	price	129.53
IVE	1578067712	bid	129.53
IVE	1578067712	ask	129.54
IVE	1578067782	price	129.5287
IVE	1578067782	bid	129.52
IVE	1578067782	ask	129.53
IVE	1578067792	price	129.5101
IVE	1578067792	bid	129.51
IVE	1578067792	ask	129.52
IVE	1578067806	price	129.4987
IVE	1578067806	bid	129.49
IVE	1578067806	ask	129.5
IVE	1578067886	price	129.48
IVE	1578067886	bid	129.47
IVE	1578067886	ask	129.48
IVE	1578067911	price	129.49
IVE	1578067911	bid	129.49
IVE	1578067911	ask	129.5
IVE	1578067923	price	129.5
IVE	1578067923	bid	129.5
IVE	1578067923	ask	129.51
IVE	1578067930	price	129.51
IVE	1578067930	ask	129.52
IVE	1578067943	price	129.53
IVE	1578067943	bid	129.53
IVE	1578067943	ask	129.54
IVE	1578067982	price	129.58
IVE	1578067982	bid	129.58
IVE	1578067982	ask	129.59
IVE	1578068012	price	129.5923
IVE	1578068012	bid	129.59
IVE	1578068012	ask	129.6
IVE	1578068018	price	129.62
IVE	1578068018	bid	129.61
IVE	1578068018	ask	129.62
IVE	1578068095	price	129.6063
IVE	1578068095	bid	129.6
IVE	1578068100	price	129.62
IVE	1578068100	bid	129.61
IVE	1578068102	price	129.61
IVE	1578068102	bid	129.6
IVE	1578068102	ask	129.61
IVE	1578068134	price	129.58
IVE	1578068134	bid	129.57
IVE	1578068134	ask	129.58
IVE	1578068139	price	129.54
IVE	1578068139	bid	129.54
IVE	1578068139	ask	129.57
IVE	1578068141	price	129.56
IVE	1578068141	bid	129.55
IVE	1578068141	ask	129.56
IVE	1578068147	price	129.57
IVE	1578068147	bid	129.56
IVE	1578068147	ask	129.57
IVE	1578068147	price	129.56
IVE	1578068147	price	129.57
IVE	1578068147	price	129.56
IVE	1578068147	price	129.565
IVE	1578068147	price	129.56
IVE	1578068147	price	129.565
IVE	1578068147	price	129.56
IVE	1578068148	price	129.57
IVE	1578068157	price	129.58
IVE	1578068157	bid	129.57
IVE	1578068157	ask	129.58
IVE	1578068161	price	129.6
IVE	1578068161	bid	129.6
IVE	1578068161	ask	129.61
IVE	1578068170	price	129.61
IVE	1578068170	bid	129.61
IVE	1578068170	ask	129.62
IVE	1578068178	price	129.62
IVE	1578068178	bid	129.62
IVE	1578068178	ask	129.63
IVE	1578068190	price	129.63
IVE	1578068246	price	129.635
IVE	1578068246	bid	129.63
IVE	1578068246	ask	129.64
IVE	1578068246	price	129.64
IVE	1578068296	price	129.605
IVE	1578068296	bid	129.6
IVE	1578068296	ask	129.61
IVE	1578068343	price	129.6
IVE	1578068343	bid	129.59
IVE	1578068451	price	129.6173
IVE	1578068451	bid	129.61
IVE	1578068451	ask	129.62
IVE	1578068493	price	129.65
IVE	1578068493	bid	129.64
IVE	1578068493	ask	129.65
IVE	1578068518	price	129.645
IVE	1578068612	price	129.625
IVE	1578068612	bid	129.62
IVE	1578068612	ask	129.63
IVE	1578068632	price	129.63
IVE	1578068632	bid	129.63
IVE	1578068632	ask	129.64
IVE	1578068639	price	129.6246
IVE	1578068639	bid	129.62
IVE	1578068639	ask	129.63
IVE	1578068644	price	129.63
IVE	1578068644	ask	129.64
IVE	1578068665	price	129.625
IVE	1578068665	ask	129.63
IVE	1578068780	price	129.64
IVE	1578068780	bid	129.64
IVE	1578068780	ask	129.65
IVE	1578068855	price	129.6453
IVE	1578068875	price	129.62
IVE	1578068875	bid	129.62
IVE	1578068875	ask	129.63
IVE	1578068881	price	129.632
IVE	1578068881	bid	129.63
IVE	1578068881	ask	129.64
IVE	1578068881	price	129.64
IVE	1578068906	price	129.65
IVE	1578068906	bid	129.65
IVE	1578068906	ask	129.66
IVE	1578068929	price	129.64
IVE	1578068929	bid	129.63
IVE	1578068929	ask	129.64
IVE	1578068929	bid	129.64
IVE	1578068929	ask	129.65
IVE	1578068929	bid	129.63
IVE	1578068929	ask	129.64
IVE	1578068935	price	129.62
IVE	1578068935	bid	129.61
IVE	1578068935	ask	129.62
IVE	1578068959	price	129.6
IVE	1578068959	bid	129.59
IVE	1578068959	ask	129.6
IVE	1578068992	price	129.62
IVE	1578068992	bid	129.61
IVE	1578068992	ask	129.62
IVE	1578068997	price	129.625
IVE	1578068997	bid	129.62
IVE	1578068997	ask	129.63
IVE	1578069000	price	129.62
IVE	1578069000	bid	129.61
IVE	1578069000	ask	129.62
IVE	1578069000	price	129.625
IVE	1578069002	price	129.6232
IVE	1578069002	bid	129.62
IVE	1578069002	ask	129.63
IVE	1578069003	price	129.63
IVE	1578069003	bid	129.63
IVE	1578069003	ask	129.64
IVE	1578069005	price	129.6311
IVE	1578069075	price	129.68
IVE	1578069075	bid	129.67
IVE	1578069075	ask	129.68
IVE	1578069094	price	129.67
IVE	1578069104	price	129.6758
IVE	1578069107	price	129.68
IVE	1578069107	bid	129.68
IVE	1578069107	ask	129.69
IVE	1578069212	price	129.7
IVE	1578069212	bid	129.69
IVE	1578069212	ask	129.7
IVE	1578069212	price	129.695
IVE	1578069218	price	129.69
IVE	1578069218	bid	129.68
IVE	1578069218	ask	129.69
IVE	1578069227	price	129.68
IVE	1578069262	price	129.72
IVE	1578069262	bid	129.72
IVE	1578069262	ask	129.73
IVE	1578069267	ask	129.72
IVE	1578069273	ask	129.73
IVE	1578069276	ask	129.72
IVE	1578069276	bid	129.71
IVE	1578069296	price	129.745
IVE	1578069296	bid	129.74
IVE	1578069296	ask	129.75
IVE	1578069296	price	129.74
IVE	1578069308	price	129.73
IVE	1578069308	bid	129.72
IVE	1578069308	ask	129.73
IVE	1578069316	price	129.71
IVE	1578069316	bid	129.7
IVE	1578069316	ask	129.71
IVE	1578069319	price	129.7124
IVE	1578069319	bid	129.71
IVE	1578069319	ask	129.72
IVE	1578069319	price	129.72
IVE	1578069365	bid	129.72
IVE	1578069365	ask	129.73
IVE	1578069423	price	129.75
IVE	1578069423	bid	129.75
IVE	1578069423	ask	129.76
IVE	1578069429	price	129.7428
IVE	1578069429	bid	129.74
IVE	1578069429	ask	129.75
IVE	1578069463	price	129.7455
IVE	1578069506	price	129.75
IVE	1578069506	ask	129.76
IVE	1578069506	price	129.7432
IVE	1578069506	price	129.7489
IVE	1578069506	price	129.7432
IVE	1578069507	price	129.7489
IVE	1578069507	price	129.7432
IVE	1578069507	price	129.7489
IVE	1578069507	price	129.7599
IVE	1578069511	price	129.7422
IVE	1578069519	price	129.74
IVE	1578069519	ask	129.75
IVE	1578069521	ask	129.74
IVE	1578069539	ask	129.75
IVE	1578069570	price	129.742
IVE	1578069580	price	129.74
IVE	1578069611	price	129.75
IVE	1578069611	bid	129.75
IVE	1578069617	price	129.7501
IVE	1578069617	ask	129.76
IVE	1578069647	price	129.73
IVE	1578069647	bid	129.72
IVE	1578069647	ask	129.73
IVE	1578069686	price	129.76
IVE	1578069686	bid	129.76
IVE	1578069686	ask	129.77
IVE	1578069716	price	129.755
IVE	1578069716	bid	129.75
IVE	1578069716	ask	129.76
IVE	1578069736	price	129.7499
IVE	1578069736	bid	129.74
IVE	1578069736	ask	129.75
IVE	1578069793	price	129.725
IVE	1578069793	bid	129.72
IVE	1578069793	ask	129.73
IVE	1578069793	price	129.721
IVE	1578069793	price	129.72
IVE	1578069793	price	129.7202
IVE	1578069793	price	129.721
IVE	1578069793	price	129.72
IVE	1578069793	bid	129.71
IVE	1578069793	ask	129.72
IVE	1578069793	price	129.71
IVE	1578069793	price	129.72
IVE	1578069793	bid	129.72
IVE	1578069793	ask	129.73
IVE	1578069800	price	129.73
IVE	1578069800	bid	129.73
IVE	1578069800	ask	129.74
IVE	1578069875	price	129.78
IVE	1578069875	bid	129.78
IVE	1578069875	ask	129.79
IVE	1578069968	price	129.8
IVE	1578069968	bid	129.8
IVE	1578069968	ask	129.81
IVE	1578069969	bid	129.79
IVE	1578069969	ask	129.8
IVE	1578069980	price	129.81
IVE	1578069980	bid	129.81
IVE	1578069980	ask	129.82
IVE	1578069983	bid	129.8
IVE	1578069983	ask	129.81
IVE	1578070014	price	129.79
IVE	1578070014	bid	129.78
IVE	1578070014	ask	129.79
IVE	1578070033	price	129.77
IVE	1578070033	bid	129.77
IVE	1578070033	ask	129.77
IVE	1578070039	bid	129.76
IVE	1578070041	price	129.772
IVE	1578070041	bid	129.77
IVE	1578070041	ask	129.78
IVE	1578070103	price	129.8
IVE	1578070103	bid	129.8
IVE	1578070103	ask	129.8
IVE	1578070108	ask	129.81
IVE	1578070109	bid	129.79
IVE	1578070109	ask	129.8
IVE	1578070176	price	129.81
IVE	1578070176	bid	129.8
IVE	1578070176	ask	129.81
IVE	1578070198	price	129.8
IVE	1578070198	bid	129.79
IVE	1578070198	ask	129.8
IVE	1578070202	price	129.78
IVE	1578070202	bid	129.78
IVE	1578070202	ask	129.79
IVE	1578070227	price	129.8
IVE	1578070227	bid	129.79
IVE	1578070227	ask	129.8
IVE	1578070231	bid	129.8
IVE	1578070231	ask	129.81
IVE	1578070231	price	129.81
IVE	1578070238	price	129.8001
IVE	1578070241	price	129.8
IVE	1578070241	bid	129.79
IVE	1578070241	ask	129.8
IVE	1578070242	price	129.81
IVE	1578070242	bid	129.8
IVE	1578070242	ask	129.81
IVE	1578070253	price	129.8001
IVE	1578070254	price	129.805
IVE	1578070254	price	129.8059
IVE	1578070255	price	129.79
IVE	1578070255	bid	129.79
IVE	1578070255	ask	129.8
IVE	1578070258	price	129.8
IVE	1578070260	price	129.79
IVE	1578070260	bid	129.78
IVE	1578070260	ask	129.79
IVE	1578070260	price	129.8
IVE	1578070260	price	129.79
IVE	1578070260	bid	129.79
IVE	1578070260	ask	129.8
IVE	1578070260	price	129.8
IVE	1578070260	price	129.795
IVE	1578070261	price	129.8
IVE	1578070262	price	129.79
IVE	1578070262	bid	129.78
IVE	1578070262	ask	129.79
IVE	1578070262	price	129.8
IVE	1578070262	price	129.795
IVE	1578070262	price	129.7975
IVE	1578070262	price	129.8
IVE	1578070262	price	129.7975
IVE	1578070262	price	129.79
IVE	1578070265	price	129.8
IVE	1578070265	bid	129.79
IVE	1578070265	ask	129.8
IVE	1578070265	price	129.79
IVE	1578070265	ask	129.79
IVE	1578070265	price	129.8
IVE	1578070266	price	129.79
IVE	1578070266	bid	129.78
IVE	1578070266	price	129.78
IVE	1578070270	price	129.79
IVE	1578070270	bid	129.79
IVE	1578070270	ask	129.8
IVE	1578070271	price	129.8
IVE	1578070272	price	129.81
IVE	1578070272	bid	129.8
IVE	1578070272	ask	129.81
IVE	1578070273	price	129.8
IVE	1578070273	bid	129.79
IVE	1578070273	ask	129.8
IVE	1578070273	price	129.8075
IVE	1578070273	price	129.805
IVE	1578070273	price	129.81
IVE	1578070273	price	129.8075
IVE	1578070273	price	129.81
IVE	1578070273	price	129.8
IVE	1578070279	price	129.79
IVE	1578070280	bid	129.78
IVE	1578070280	ask	129.79
IVE	1578070280	price	129.7975
IVE	1578070281	price	129.79
IVE	1578070282	price	129.8
IVE	1578070282	price	129.79
IVE	1578070282	price	129.8
IVE	1578070282	price	129.78
IVE	1578070282	bid	129.77
IVE	1578070282	ask	129.78
IVE	1578070283	price	129.84
IVE	1578070287	price	129.79
IVE	1578070287	bid	129.78
IVE	1578070287	ask	129.79
IVE	1578070287	price	129.785
IVE	1578070287	price	129.79
IVE	1578070289	ask	129.8
IVE	1578070289	bid	129.79
IVE	1578070289	ask	129.79
IVE	1578070289	bid	129.78
IVE	1578070292	price	129.78
IVE	1578070305	bid	129.77
IVE	1578070305	ask	129.78
IVE	1578070307	ask	129.79
IVE	1578070312	price	129.79
IVE	1578070312	bid	129.78
IVE	1578070350	price	129.8
IVE	1578070350	bid	129.79
IVE	1578070350	ask	129.8
IVE	1578070353	price	129.79
IVE	1578070353	bid	129.78
IVE	1578070353	ask	129.79
IVE	1578070355	bid	129.79
IVE	1578070355	ask	129.8
IVE	1578070358	price	129.795
IVE	1578070358	price	129.8
IVE	1578070358	bid	129.8
IVE	1578070358	ask	129.81
IVE	1578070358	price	129.81
IVE	1578070358	price	129.805
IVE	1578070358	price	129.81
IVE	1578070358	price	129.8
IVE	1578070358	bid	129.79
IVE	1578070358	ask	129.8
IVE	1578070364	price	129.7921
IVE	1578070364	price	129.79
IVE	1578070367	price	129.784
IVE	1578070367	bid	129.78
IVE	1578070367	ask	129.79
IVE	1578070371	price	129.79
IVE	1578070371	bid	129.79
IVE	1578070371	ask	129.8
IVE	1578070376	price	129.8
IVE	1578070384	price	129.81
IVE	1578070384	bid	129.8
IVE	1578070384	ask	129.81
IVE	1578070419	price	129.82
IVE	1578070419	bid	129.81
IVE	1578070419	ask	129.82
IVE	1578070419	price	129.815
IVE	1578070455	price	129.8258
IVE	1578070455	bid	129.82
IVE	1578070455	ask	129.83
IVE	1578070456	price	129.82
IVE	1578070456	bid	129.81
IVE	1578070456	ask	129.82
IVE	1578070459	price	129.819
IVE	1578070460	price	129.82
IVE	1578070460	bid	129.82
IVE	1578070460	ask	129.83
IVE	1578070466	price	129.83
IVE	1578070474	price	129.8358
IVE	1578070474	bid	129.83
IVE	1578070474	ask	129.84
IVE	1578070493	price	129.85
IVE	1578070493	bid	129.85
IVE	1578070493	ask	129.86
IVE	1578070493	bid	129.84
IVE	1578070493	ask	129.85
IVE	1578070505	price	129.84
IVE	1578070529	bid	129.83
IVE	1578070529	ask	129.84
IVE	1578070541	price	129.85
IVE	1578070541	bid	129.85
IVE	1578070541	ask	129.86
IVE	1578070541	bid	129.84
IVE	1578070541	ask	129.85
IVE	1578070544	price	129.86
IVE	1578070544	bid	129.85
IVE	1578070544	ask	129.86
IVE	1578070544	bid	129.86
IVE	1578070544	ask	129.87
IVE	1578070559	price	129.85
IVE	1578070559	bid	129.84
IVE	1578070559	ask	129.85
IVE	1578070581	price	129.83
IVE	1578070581	bid	129.82
IVE	1578070581	ask	129.83
IVE	1578070600	price	129.82
IVE	1578070600	bid	129.81
IVE	1578070600	ask	129.82
IVE	1578070610	price	129.8
IVE	1578070610	bid	129.79
IVE	1578070610	ask	129.8
IVE	1578070629	price	129.81
IVE	1578070629	bid	129.8
IVE	1578070629	ask	129.81
IVE	1578070649	price	129.82
IVE	1578070649	bid	129.82
IVE	1578070649	ask	129.83
IVE	1578070685	bid	129.8
IVE	1578070685	ask	129.81
IVE	1578070700	price	129.8031
IVE	1578070702	price	129.8066
IVE	1578070714	price	129.8051
IVE	1578070716	price	129.81
IVE	1578070719	price	129.8053
IVE	1578070734	price	129.815
IVE	1578070771	price	129.812
IVE	1578070771	bid	129.81
IVE	1578070771	ask	129.82
IVE	1578070772	price	129.8132
IVE	1578070779	price	129.82
IVE	1578070780	price	129.8179
IVE	1578070827	price	129.8479
IVE	1578070827	bid	129.84
IVE	1578070827	ask	129.85
IVE	1578070831	price	129.85
IVE	1578070831	bid	129.85
IVE	1578070831	ask	129.86
IVE	1578070847	price	129.8635
IVE	1578070847	bid	129.86
IVE	1578070847	ask	129.87
IVE	1578070847	price	129.87
IVE	1578070858	price	129.8753
IVE	1578070858	bid	129.87
IVE	1578070858	ask	129.88
IVE	1578070877	price	129.88
IVE	1578070877	ask	129.89
IVE	1578070877	price	129.89
IVE	1578070877	bid	129.88
IVE	1578070886	price	129.8817
IVE	1578070890	price	129.88
IVE	1578070942	price	129.91
IVE	1578070942	bid	129.9
IVE	1578070942	ask	129.91
IVE	1578070955	price	129.9
IVE	1578070955	ask	129.92
IVE	1578070969	price	129.916
IVE	1578070969	bid	129.91
IVE	1578070998	price	129.9
IVE	1578070998	bid	129.9
IVE	1578070998	ask	129.91
IVE	1578071034	price	129.91
IVE	1578071060	price	129.9209
IVE	1578071060	bid	129.92
IVE	1578071060	ask	129.93
IVE	1578071065	price	129.92
IVE	1578071065	bid	129.91
IVE	1578071065	ask	129.92
IVE	1578071090	price	129.9221
IVE	1578071090	bid	129.92
IVE	1578071090	ask	129.93
IVE	1578071119	price	129.94
IVE	1578071119	bid	129.94
IVE	1578071119	ask	129.95
IVE	1578071124	price	129.95
IVE	1578071199	price	129.9621
IVE	1578071199	bid	129.96
IVE	1578071199	ask	129.97
IVE	1578071203	price	129.95
IVE	1578071203	bid	129.95
IVE	1578071203	ask	129.96
IVE	1578071207	bid	129.94
IVE	1578071207	ask	129.95
IVE	1578071218	price	129.9462
IVE	1578071230	price	129.94
IVE	1578071230	bid	129.93
IVE	1578071230	ask	129.94
IVE	1578071244	price	129.93
IVE	1578071244	bid	129.92
IVE	1578071244	ask	129.93
IVE	1578071285	price	129.88
IVE	1578071285	bid	129.87
IVE	1578071285	ask	129.88
IVE	1578071317	price	129.9
IVE	1578071317	bid	129.9
IVE	1578071317	ask	129.91
IVE	1578071317	bid	129.89
IVE	1578071317	ask	129.9
IVE	1578071331	price	129.89
IVE	1578071331	bid	129.88
IVE	1578071331	ask	129.89
IVE	1578071335	price	129.88
IVE	1578071335	bid	129.87
IVE	1578071335	ask	129.88
IVE	1578071347	price	129.9
IVE	1578071347	bid	129.9
IVE	1578071347	ask	129.91
IVE	1578071360	price	129.88
IVE	1578071360	bid	129.88
IVE	1578071360	ask	129.89
IVE	1578071363	price	129.89
IVE	1578071363	bid	129.89
IVE	1578071363	ask	129.9
IVE	1578071368	price	129.8856
IVE	1578071368	bid	129.88
IVE	1578071368	ask	129.89
IVE	1578071371	price	129.89
IVE	1578071431	price	129.9065
IVE	1578071431	bid	129.9
IVE	1578071431	ask	129.91
IVE	1578071473	price	129.9
IVE	1578071530	price	129.9181
IVE	1578071530	bid	129.91
IVE	1578071530	ask	129.92
IVE	1578071535	price	129.91
IVE	1578071535	bid	129.9
IVE	1578071535	ask	129.91
IVE	1578071539	price	129.89
IVE	1578071539	bid	129.88
IVE	1578071539	ask	129.89
IVE	1578071548	price	129.87
IVE	1578071548	bid	129.86
IVE	1578071548	ask	129.87
IVE	1578071626	price	129.8659
IVE	1578071635	price	129.84
IVE	1578071635	bid	129.84
IVE	1578071635	ask	129.85
IVE	1578071635	ask	129.84
IVE	1578071659	bid	129.83
IVE	1578071660	price	129.8386
IVE	1578071667	price	129.84
IVE	1578071667	bid	129.84
IVE	1578071667	ask	129.85
IVE	1578071693	price	129.82
IVE	1578071693	bid	129.82
IVE	1578071693	ask	129.83
IVE	1578071696	price	129.829
IVE	1578071705	price	129.83
IVE	1578071734	price	129.84
IVE	1578071734	bid	129.84
IVE	1578071734	ask	129.85
IVE	1578071781	price	129.8625
IVE	1578071781	bid	129.86
IVE	1578071781	ask	129.87
IVE	1578071781	price	129.86
IVE	1578071781	price	129.8625
IVE	1578071781	price	129.86
IVE	1578071781	price	129.8625
IVE	1578071781	price	129.869
IVE	1578071781	price	129.87
IVE	1578071781	price	129.8698
IVE	1578071781	price	129.87
IVE	1578071781	ask	129.88
IVE	1578071781	price	129.8799
IVE	1578071781	price	129.86
IVE	1578071785	price	129.87
IVE	1578071785	ask	129.87
IVE	1578071820	price	129.8621
IVE	1578071823	price	129.865
IVE	1578071848	price	129.86
IVE	1578071848	bid	129.85
IVE	1578071848	ask	129.86
IVE	1578071892	bid	129.86
IVE	1578071892	ask	129.87
IVE	1578071900	bid	129.85
IVE	1578071900	ask	129.86
IVE	1578071955	price	129.87
IVE	1578071955	bid	129.86
IVE	1578071955	ask	129.87
IVE	1578072003	price	129.8599
IVE	1578072003	bid	129.85
IVE	1578072003	ask	129.86
IVE	1578072004	price	129.86
IVE	1578072004	bid	129.86
IVE	1578072004	ask	129.87
IVE	1578072012	price	129.87
IVE	1578072041	price	129.86
IVE	1578072041	bid	129.85
IVE	1578072041	ask	129.86
IVE	1578072085	price	129.855
IVE	1578072205	price	129.85
IVE	1578072205	bid	129.84
IVE	1578072205	ask	129.85
IVE	1578072295	price	129.88
IVE	1578072295	bid	129.87
IVE	1578072295	ask	129.88
IVE	1578072300	price	129.8735
IVE	1578072338	price	129.875
IVE	1578072382	price	129.89
IVE	1578072382	bid	129.88
IVE	1578072382	ask	129.89
IVE	1578072386	price	129.8743
IVE	1578072386	bid	129.87
IVE	1578072386	ask	129.88
IVE	1578072474	price	129.885
IVE	1578072474	bid	129.88
IVE	1578072474	ask	129.89
IVE	1578072495	price	129.89
IVE	1578072495	bid	129.89
IVE	1578072495	ask	129.9
IVE	1578072504	price	129.888
IVE	1578072504	bid	129.88
IVE	1578072504	ask	129.89
IVE	1578072530	price	129.88
IVE	1578072530	bid	129.87
IVE	1578072530	ask	129.88
IVE	1578072548	price	129.89
IVE	1578072548	bid	129.88
IVE	1578072548	ask	129.89
IVE	1578072602	price	129.87
IVE	1578072602	bid	129.87
IVE	1578072602	ask	129.88
IVE	1578072602	price	129.88
IVE	1578072633	price	129.86
IVE	1578072633	bid	129.85
IVE	1578072633	ask	129.86
IVE	1578072670	price	129.87
IVE	1578072670	bid	129.87
IVE	1578072670	ask	129.88
IVE	1578072670	bid	129.86
IVE	1578072670	ask	129.87
IVE	1578072703	price	129.8844
IVE	1578072703	bid	129.88
IVE	1578072703	ask	129.89
IVE	1578072735	price	129.8714
IVE	1578072735	bid	129.87
IVE	1578072735	ask	129.88
IVE	1578072741	price	129.8834
IVE	1578072741	bid	129.88
IVE	1578072741	ask	129.89
IVE	1578072750	price	129.89
IVE	1578072750	price	129.885
IVE	1578072831	price	129.92
IVE	1578072831	bid	129.92
IVE	1578072831	ask	129.93
IVE	1578072846	price	129.9235
IVE	1578072848	price	129.93
IVE	1578072848	bid	129.93
IVE	1578072848	ask	129.94
IVE	1578072856	bid	129.92
IVE	1578072856	ask	129.93
IVE	1578072856	price	129.9259
IVE	1578072861	price	129.92
IVE	1578072861	bid	129.91
IVE	1578072861	ask	129.92
IVE	1578072892	price	129.91
IVE	1578072892	bid	129.9
IVE	1578072892	ask	129.91
IVE	1578072892	price	129.9062
IVE	1578072896	price	129.91
IVE	1578072904	price	129.92
IVE	1578072904	bid	129.92
IVE	1578072904	ask	129.93
IVE	1578072931	price	129.918
IVE	1578072931	bid	129.91
IVE	1578072931	ask	129.92
IVE	1578072931	price	129.915
IVE	1578072962	price	129.94
IVE	1578072962	bid	129.93
IVE	1578072962	ask	129.94
IVE	1578072964	price	129.9308
IVE	1578073025	price	129.94
IVE	1578073039	price	129.93
IVE	1578073056	price	129.9247
IVE	1578073056	bid	129.92
IVE	1578073056	ask	129.93
IVE	1578073062	price	129.92
IVE	1578073062	price	129.93
IVE	1578073082	price	129.938
IVE	1578073082	bid	129.93
IVE	1578073082	ask	129.94
IVE	1578073091	price	129.95
IVE	1578073091	bid	129.94
IVE	1578073091	ask	129.95
IVE	1578073091	price	129.94
IVE	1578073099	price	129.939
IVE	1578073099	bid	129.93
IVE	1578073099	ask	129.94
IVE	1578073103	price	129.9331
IVE	1578073162	price	129.939
IVE	1578073176	price	129.9403
IVE	1578073176	bid	129.94
IVE	1578073176	ask	129.95
IVE	1578073192	price	129.95
IVE	1578073231	price	129.9501
IVE	1578073231	bid	129.95
IVE	1578073231	ask	129.96
IVE	1578073232	price	129.959
IVE	1578073232	price	129.9501
IVE	1578073232	price	129.9544
IVE	1578073232	price	129.9501
IVE	1578073233	price	129.96
IVE	1578073233	price	129.9599
IVE	1578073233	price	129.9544
IVE	1578073234	price	129.959
IVE	1578073236	price	129.9501
IVE	1578073237	price	129.95
IVE	1578073237	bid	129.94
IVE	1578073237	ask	129.95
IVE	1578073237	price	129.945
IVE	1578073275	price	129.96
IVE	1578073275	bid	129.95
IVE	1578073275	ask	129.96
IVE	1578073302	price	129.94
IVE	1578073302	bid	129.93
IVE	1578073302	ask	129.94
IVE	1578073308	price	129.935
IVE	1578073318	price	129.9314
IVE	1578073402	price	129.92
IVE	1578073402	bid	129.91
IVE	1578073402	ask	129.92
IVE	1578073405	price	129.91
IVE	1578073414	bid	129.9
IVE	1578073414	ask	129.91
IVE	1578073432	price	129.89
IVE	1578073432	bid	129.89
IVE	1578073432	ask	129.9
IVE	1578073435	price	129.88
IVE	1578073435	bid	129.87
IVE	1578073435	ask	129.88
IVE	1578073458	price	129.9
IVE	1578073458	bid	129.9
IVE	1578073458	ask	129.91
IVE	1578073510	price	129.91
IVE	1578073510	bid	129.91
IVE	1578073510	ask	129.92
IVE	1578073526	price	129.92
IVE	1578073528	price	129.91
IVE	1578073528	bid	129.9
IVE	1578073528	ask	129.91
IVE	1578073542	bid	129.91
IVE	1578073542	ask	129.92
IVE	1578073544	bid	129.9
IVE	1578073544	ask	129.91
IVE	1578073563	bid	129.91
IVE	1578073563	ask	129.92
IVE	1578073565	bid	129.9
IVE	1578073565	ask	129.91
IVE	1578073602	bid	129.91
IVE	1578073602	ask	129.92
IVE	1578073620	price	129.92
IVE	1578073620	bid	129.92
IVE	1578073620	ask	129.93
IVE	1578073628	price	129.91
IVE	1578073628	bid	129.91
IVE	1578073628	ask	129.92
IVE	1578073658	price	129.92
IVE	1578073660	price	129.918
IVE	1578073693	price	129.93
IVE	1578073693	bid	129.92
IVE	1578073693	ask	129.93
IVE	1578073706	price	129.92
IVE	1578073706	bid	129.91
IVE	1578073706	ask	129.92
IVE	1578073746	price	129.91
IVE	1578073746	bid	129.9
IVE	1578073746	ask	129.91
IVE	1578073787	price	129.89
IVE	1578073787	bid	129.89
IVE	1578073787	ask	129.9
IVE	1578073794	price	129.9
IVE	1578073813	price	129.902
IVE	1578073813	bid	129.9
IVE	1578073813	ask	129.91
IVE	1578073817	price	129.91
IVE	1578073853	price	129.92
IVE	1578073853	bid	129.91
IVE	1578073853	ask	129.92
IVE	1578073853	price	129.9154
IVE	1578073891	price	129.93
IVE	1578073891	bid	129.92
IVE	1578073891	ask	129.93
IVE	1578073902	price	129.92
IVE	1578073902	bid	129.91
IVE	1578073902	ask	129.92
IVE	1578073904	bid	129.92
IVE	1578073904	ask	129.93
IVE	1578073908	price	129.9164
IVE	1578073908	bid	129.91
IVE	1578073908	ask	129.92
IVE	1578073909	price	129.9141
IVE	1578073911	price	129.92
IVE	1578073955	price	129.9
IVE	1578073955	bid	129.89
IVE	1578073955	ask	129.9
IVE	1578073973	price	129.89
IVE	1578073973	bid	129.88
IVE	1578073973	ask	129.89
IVE	1578073974	price	129.885
IVE	1578073974	price	129.882
IVE	1578074010	price	129.9
IVE	1578074010	bid	129.89
IVE	1578074010	ask	129.9
IVE	1578074023	price	129.91
IVE	1578074023	bid	129.9
IVE	1578074023	ask	129.91
IVE	1578074024	price	129.9039
IVE	1578074031	price	129.91
IVE	1578074062	price	129.895
IVE	1578074062	bid	129.89
IVE	1578074062	ask	129.9
IVE	1578074149	price	129.84
IVE	1578074149	bid	129.84
IVE	1578074149	ask	129.85
IVE	1578074167	price	129.857
IVE	1578074167	bid	129.85
IVE	1578074167	ask	129.86
IVE	1578074173	price	129.865
IVE	1578074173	bid	129.86
IVE	1578074173	ask	129.87
IVE	1578074173	price	129.87
IVE	1578074187	price	129.875
IVE	1578074187	bid	129.87
IVE	1578074187	ask	129.88
IVE	1578074187	price	129.879
IVE	1578074187	price	129.88
IVE	1578074187	price	129.879
IVE	1578074187	price	129.88
IVE	1578074187	ask	129.89
IVE	1578074187	price	129.89
IVE	1578074191	price	129.87
IVE	1578074191	bid	129.86
IVE	1578074191	ask	129.87
IVE	1578074200	price	129.88
IVE	1578074200	bid	129.87
IVE	1578074200	ask	129.88
IVE	1578074201	price	129.875
IVE	1578074216	price	129.87
IVE	1578074216	bid	129.86
IVE	1578074216	ask	129.87
IVE	1578074226	bid	129.87
IVE	1578074226	ask	129.88
IVE	1578074228	bid	129.86
IVE	1578074228	ask	129.87
IVE	1578074229	price	129.86
IVE	1578074229	bid	129.85
IVE	1578074229	ask	129.86
IVE	1578074239	price	129.859
IVE	1578074262	price	129.86
IVE	1578074266	price	129.85
IVE	1578074266	bid	129.84
IVE	1578074266	ask	129.85
IVE	1578074274	price	129.8429
IVE	1578074290	price	129.84
IVE	1578074301	price	129.83
IVE	1578074301	bid	129.82
IVE	1578074301	ask	129.83
IVE	1578074396	price	129.86
IVE	1578074396	bid	129.86
IVE	1578074396	ask	129.87
IVE	1578074410	price	129.87
IVE	1578074410	bid	129.87
IVE	1578074410	ask	129.88
IVE	1578074417	price	129.88
IVE	1578074420	price	129.8654
IVE	1578074420	bid	129.86
IVE	1578074420	ask	129.87
IVE	1578074427	price	129.86
IVE	1578074427	bid	129.85
IVE	1578074427	ask	129.86
IVE	1578074431	price	129.8687
IVE	1578074431	bid	129.86
IVE	1578074431	ask	129.87
IVE	1578074471	price	129.88
IVE	1578074471	bid	129.87
IVE	1578074471	ask	129.88
IVE	1578074472	price	129.8729
IVE	1578074478	price	129.88
IVE	1578074478	bid	129.88
IVE	1578074478	ask	129.89
IVE	1578074512	bid	129.87
IVE	1578074512	ask	129.88
IVE	1578074613	price	129.9201
IVE	1578074613	bid	129.92
IVE	1578074613	ask	129.93
IVE	1578074613	price	129.92
IVE	1578074613	bid	129.91
IVE	1578074613	ask	129.92
IVE	1578074621	price	129.9216
IVE	1578074621	bid	129.92
IVE	1578074621	ask	129.93
IVE	1578074733	price	129.91
IVE	1578074733	bid	129.91
IVE	1578074733	ask	129.92
IVE	1578074810	price	129.9392
IVE	1578074810	bid	129.93
IVE	1578074810	ask	129.94
IVE	1578074827	price	129.9276
IVE	1578074827	price	129.93
IVE	1578074835	price	129.9359
IVE	1578074925	price	129.96
IVE	1578074925	bid	129.95
IVE	1578074925	ask	129.96
IVE	1578074930	price	129.95
IVE	1578074991	price	129.94
IVE	1578074991	bid	129.93
IVE	1578074991	ask	129.94
IVE	1578075001	price	129.93
IVE	1578075001	ask	129.93
IVE	1578075048	price	129.945
IVE	1578075048	bid	129.94
IVE	1578075048	ask	129.95
IVE	1578075105	price	129.9533
IVE	1578075105	bid	129.95
IVE	1578075105	ask	129.96
IVE	1578075113	price	129.96
IVE	1578075126	price	129.9599
IVE	1578075128	price	129.9587
IVE	1578075210	price	129.94
IVE	1578075210	bid	129.93
IVE	1578075210	ask	129.94
IVE	1578075228	price	129.922
IVE	1578075228	bid	129.92
IVE	1578075228	ask	129.93
IVE	1578075341	price	129.912
IVE	1578075341	bid	129.91
IVE	1578075341	ask	129.92
IVE	1578075362	price	129.9
IVE	1578075362	bid	129.9
IVE	1578075362	ask	129.91
IVE	1578075370	bid	129.89
IVE	1578075370	ask	129.9
IVE	1578075373	price	129.899
IVE	1578075377	price	129.895
IVE	1578075417	price	129.8835
IVE	1578075417	bid	129.88
IVE	1578075417	ask	129.89
IVE	1578075435	price	129.88
IVE	1578075435	price	129.8898
IVE	1578075440	price	129.89
IVE	1578075440	bid	129.89
IVE	1578075440	ask	129.9
IVE	1578075442	bid	129.88
IVE	1578075442	ask	129.89
IVE	1578075447	price	129.8877
IVE	1578075449	price	129.89
IVE	1578075449	bid	129.89
IVE	1578075449	ask	129.9
IVE	1578075495	price	129.88
IVE	1578075495	bid	129.88
IVE	1578075495	ask	129.89
IVE	1578075496	bid	129.87
IVE	1578075496	ask	129.88
IVE	1578075521	price	129.87
IVE	1578075566	price	129.86
IVE	1578075566	bid	129.85
IVE	1578075566	ask	129.86
IVE	1578075604	price	129.85
IVE	1578075606	price	129.8567
IVE	1578075659	price	129.868
IVE	1578075659	bid	129.86
IVE	1578075659	ask	129.87
IVE	1578075725	price	129.87
IVE	1578075725	bid	129.87
IVE	1578075725	ask	129.88
IVE	1578075734	price	129.88
IVE	1578075804	price	129.895
IVE	1578075804	bid	129.89
IVE	1578075804	ask	129.9
IVE	1578075823	price	129.898
IVE	1578075823	price	129.893
IVE	1578075823	price	129.895
IVE	1578075835	price	129.91
IVE	1578075835	bid	129.9
IVE	1578075835	ask	129.91
IVE	1578075905	price	129.92
IVE	1578075905	ask	129.92
IVE	1578075981	price	129.9361
IVE	1578075981	bid	129.93
IVE	1578075981	ask	129.94
IVE	1578075989	price	129.92
IVE	1578075989	bid	129.92
IVE	1578075989	ask	129.93
IVE	1578076039	bid	129.91
IVE	1578076039	ask	129.92
IVE	1578076110	price	129.923
IVE	1578076110	bid	129.92
IVE	1578076110	ask	129.93
IVE	1578076125	price	129.92
IVE	1578076211	price	129.9161
IVE	1578076211	bid	129.91
IVE	1578076211	ask	129.92
IVE	1578076226	price	129.91
IVE	1578076226	bid	129.9
IVE	1578076226	ask	129.91
IVE	1578076241	price	129.905
IVE	1578076309	price	129.91
IVE	1578076406	price	129.89
IVE	1578076406	bid	129.89
IVE	1578076406	ask	129.9
IVE	1578076406	price	129.88
IVE	1578076406	price	129.89
IVE	1578076406	price	129.88
IVE	1578076406	price	129.89
IVE	1578076406	ask	129.89
IVE	1578076406	price	129.88
IVE	1578076406	price	129.89
IVE	1578076406	price	129.88
IVE	1578076406	price	129.89
IVE	1578076406	price	129.88
IVE	1578076406	price	129.87
IVE	1578076406	price	129.88
IVE	1578076406	price	129.86
IVE	1578076406	bid	129.88
IVE	1578076406	ask	129.88
IVE	1578076406	bid	129.86
IVE	1578076406	ask	129.87
IVE	1578076406	price	129.87
IVE	1578076406	price	129.86
IVE	1578076406	bid	129.85
IVE	1578076407	ask	129.86
IVE	1578076407	price	129.89
IVE	1578076408	price	129.86
IVE	1578076409	bid	129.86
IVE	1578076409	ask	129.87
IVE	1578076410	bid	129.85
IVE	1578076410	ask	129.86
IVE	1578076410	price	129.85
IVE	1578076410	bid	129.84
IVE	1578076410	ask	129.85
IVE	1578076427	price	129.81
IVE	1578076427	bid	129.81
IVE	1578076427	ask	129.82
IVE	1578076435	bid	129.8
IVE	1578076435	ask	129.81
IVE	1578076450	price	129.82
IVE	1578076450	bid	129.81
IVE	1578076450	ask	129.82
IVE	1578076456	price	129.81
IVE	1578076456	bid	129.8
IVE	1578076456	ask	129.81
IVE	1578076497	price	129.78
IVE	1578076497	bid	129.77
IVE	1578076497	ask	129.78
IVE	1578076501	ask	129.79
IVE	1578076519	price	129.779
IVE	1578076519	ask	129.78
IVE	1578076520	price	129.76
IVE	1578076520	bid	129.76
IVE	1578076520	ask	129.77
IVE	1578076524	price	129.7644
IVE	1578076526	price	129.7658
IVE	1578076530	price	129.78
IVE	1578076530	bid	129.77
IVE	1578076530	ask	129.78
IVE	1578076535	price	129.77
IVE	1578076535	price	129.76
IVE	1578076535	ask	129.77
IVE	1578076536	bid	129.76
IVE	1578076541	price	129.75
IVE	1578076541	bid	129.75
IVE	1578076541	ask	129.76
IVE	1578076542	price	129.76
IVE	1578076542	bid	129.76
IVE	1578076542	ask	129.77
IVE	1578076623	price	129.66
IVE	1578076623	bid	129.65
IVE	1578076623	ask	129.66
IVE	1578076626	price	129.65
IVE	1578076626	bid	129.64
IVE	1578076626	ask	129.65
IVE	1578076633	price	129.63
IVE	1578076633	bid	129.62
IVE	1578076633	ask	129.64
IVE	1578076633	bid	129.63
IVE	1578076638	price	129.61
IVE	1578076638	bid	129.61
IVE	1578076638	ask	129.62
IVE	1578076638	bid	129.6
IVE	1578076638	ask	129.61
IVE	1578076641	price	129.59
IVE	1578076641	bid	129.59
IVE	1578076641	ask	129.6
IVE	1578076648	price	129.58
IVE	1578076648	bid	129.57
IVE	1578076648	ask	129.58
IVE	1578076672	price	129.57
IVE	1578076676	price	129.55
IVE	1578076676	bid	129.54
IVE	1578076676	ask	129.55
IVE	1578076679	price	129.52
IVE	1578076679	bid	129.51
IVE	1578076679	ask	129.52
IVE	1578076681	price	129.51
IVE	1578076681	bid	129.5
IVE	1578076681	ask	129.51
IVE	1578076685	price	129.54
IVE	1578076685	bid	129.54
IVE	1578076685	ask	129.55
IVE	1578076686	bid	129.53
IVE	1578076686	ask	129.54
IVE	1578076686	price	129.55
IVE	1578076686	bid	129.54
IVE	1578076686	ask	129.55
IVE	1578076686	bid	129.55
IVE	1578076686	ask	129.56
IVE	1578076687	price	129.56
IVE	1578076687	bid	129.56
IVE	1578076687	ask	129.57
IVE	1578076687	bid	129.55
IVE	1578076687	ask	129.56
IVE	1578076689	bid	129.56
IVE	1578076689	ask	129.57
IVE	1578076694	price	129.58
IVE	1578076694	bid	129.58
IVE	1578076694	ask	129.59
IVE	1578076701	price	129.6
IVE	1578076701	bid	129.59
IVE	1578076701	ask	129.6
IVE	1578076704	price	129.59
IVE	1578076704	ask	129.61
IVE	1578076704	price	129.58
IVE	1578076704	bid	129.57
IVE	1578076704	ask	129.58
IVE	1578076704	price	129.57
IVE	1578076704	bid	129.56
IVE	1578076704	ask	129.57
IVE	1578076704	price	129.56
IVE	1578076704	bid	129.55
IVE	1578076704	ask	129.56
IVE	1578076704	price	129.565
IVE	1578076704	price	129.55
IVE	1578076708	price	129.5645
IVE	1578076708	bid	129.56
IVE	1578076708	ask	129.57
IVE	1578076708	price	129.5648
IVE	1578076708	price	129.56
IVE	1578076708	bid	129.55
IVE	1578076708	ask	129.56
IVE	1578076708	price	129.565
IVE	1578076709	price	129.56
IVE	1578076709	bid	129.56
IVE	1578076709	ask	129.57
IVE	1578076709	bid	129.55
IVE	1578076709	ask	129.56
IVE	1578076709	price	129.565
IVE	1578076709	price	129.56
IVE	1578076710	price	129.55
IVE	1578076710	bid	129.54
IVE	1578076710	ask	129.55
IVE	1578076710	price	129.555
IVE	1578076712	price	129.54
IVE	1578076712	bid	129.53
IVE	1578076712	ask	129.54
IVE	1578076712	price	129.545
IVE	1578076713	price	129.54
IVE	1578076713	bid	129.52
IVE	1578076718	price	129.53
IVE	1578076718	bid	129.53
IVE	1578076718	price	129.535
IVE	1578076725	price	129.56
IVE	1578076725	bid	129.56
IVE	1578076725	ask	129.56
IVE	1578076725	price	129.55
IVE	1578076725	bid	129.54
IVE	1578076725	ask	129.55
IVE	1578076725	bid	129.55
IVE	1578076725	ask	129.56
IVE	1578076742	price	129.58
IVE	1578076742	bid	129.57
IVE	1578076742	ask	129.58
IVE	1578076754	price	129.62
IVE	1578076754	bid	129.62
IVE	1578076754	ask	129.63
IVE	1578076757	price	129.64
IVE	1578076757	bid	129.64
IVE	1578076757	ask	129.65
IVE	1578076758	price	129.65
IVE	1578076763	bid	129.63
IVE	1578076779	price	129.6244
IVE	1578076779	bid	129.62
IVE	1578076779	ask	129.63
IVE	1578076781	price	129.63
IVE	1578076782	price	129.64
IVE	1578076782	bid	129.64
IVE	1578076782	ask	129.65
IVE	1578076797	price	129.67
IVE	1578076797	bid	129.67
IVE	1578076797	ask	129.68
IVE	1578076799	price	129.69
IVE	1578076799	bid	129.69
IVE	1578076799	ask	129.7
IVE	1578076810	price	129.74
IVE	1578076810	bid	129.74
IVE	1578076810	ask	129.75
IVE	1578076811	price	129.73
IVE	1578076811	bid	129.72
IVE	1578076811	ask	129.73
IVE	1578076812	price	129.72
IVE	1578076812	bid	129.71
IVE	1578076812	ask	129.72
IVE	1578076812	price	129.71
IVE	1578076812	bid	129.7
IVE	1578076812	ask	129.71
IVE	1578076815	price	129.7
IVE	1578076815	bid	129.69
IVE	1578076815	ask	129.7
IVE	1578076815	bid	129.7
IVE	1578076815	ask	129.71
IVE	1578076816	price	129.72
IVE	1578076816	bid	129.71
IVE	1578076816	ask	129.73
IVE	1578076817	price	129.73
IVE	1578076817	price	129.74
IVE	1578076817	price	129.75
IVE	1578076817	price	129.74
IVE	1578076817	price	129.75
IVE	1578076817	bid	129.74
IVE	1578076817	ask	129.75
IVE	1578076817	price	129.76
IVE	1578076817	bid	129.75
IVE	1578076817	ask	129.76
IVE	1578076817	price	129.75
IVE	1578076817	bid	129.74
IVE	1578076817	ask	129.75
IVE	1578076818	price	129.74
IVE	1578076818	bid	129.73
IVE	1578076818	ask	129.74
IVE	1578076819	price	129.73
IVE	1578076822	price	129.72
IVE	1578076822	bid	129.71
IVE	1578076822	ask	129.72
IVE	1578076825	price	129.71
IVE	1578076825	bid	129.7
IVE	1578076825	ask	129.71
IVE	1578076826	bid	129.71
IVE	1578076826	ask	129.73
IVE	1578076838	price	129.74
IVE	1578076838	bid	129.73
IVE	1578076838	ask	129.74
IVE	1578076842	price	129.7222
IVE	1578076842	bid	129.71
IVE	1578076842	ask	129.73
IVE	1578076845	price	129.7
IVE	1578076845	bid	129.7
IVE	1578076845	ask	129.72
IVE	1578076847	price	129.72
IVE	1578076868	price	129.71
IVE	1578076868	bid	129.71
IVE	1578076868	ask	129.71
IVE	1578076906	price	129.7
IVE	1578076906	bid	129.69
IVE	1578076906	ask	129.7
IVE	1578076907	price	129.6953
IVE	1578076907	price	129.6998
IVE	1578076907	price	129.6954
IVE	1578076907	price	129.7
IVE	1578076907	price	129.6952
IVE	1578076907	price	129.6998
IVE	1578076907	price	129.7
IVE	1578076907	price	129.6942
IVE	1578076907	price	129.7
IVE	1578076907	price	129.69
IVE	1578076907	price	129.7
IVE	1578076907	price	129.69
IVE	1578076913	price	129.7
IVE	1578076924	price	129.68
IVE	1578076924	bid	129.68
IVE	1578076924	ask	129.69
IVE	1578076955	price	129.72
IVE	1578076955	bid	129.71
IVE	1578076955	ask	129.72
IVE	1578077041	bid	129.72
IVE	1578077041	ask	129.73
IVE	1578077096	price	129.755
IVE	1578077096	bid	129.75
IVE	1578077096	ask	129.76
IVE	1578077105	price	129.74
IVE	1578077105	bid	129.74
IVE	1578077105	ask	129.75
IVE	1578077106	price	129.76
IVE	1578077106	ask	129.76
IVE	1578077120	price	129.77
IVE	1578077120	bid	129.77
IVE	1578077120	ask	129.78
IVE	1578077134	price	129.7533
IVE	1578077134	bid	129.75
IVE	1578077134	ask	129.76
IVE	1578077310	price	129.77
IVE	1578077310	bid	129.77
IVE	1578077310	ask	129.78
IVE	1578077335	price	129.79
IVE	1578077335	bid	129.78
IVE	1578077335	ask	129.79
IVE	1578077470	price	129.77
IVE	1578077470	bid	129.76
IVE	1578077470	ask	129.77
IVE	1578077480	price	129.7777
IVE	1578077480	ask	129.78
IVE	1578077486	price	129.78
IVE	1578077486	bid	129.77
IVE	1578077488	price	129.77
IVE	1578077514	price	129.779
IVE	1578077544	price	129.7831
IVE	1578077544	bid	129.78
IVE	1578077544	ask	129.79
IVE	1578077569	price	129.8
IVE	1578077569	bid	129.79
IVE	1578077569	ask	129.8
IVE	1578077645	price	129.75
IVE	1578077645	bid	129.75
IVE	1578077645	ask	129.76
IVE	1578077689	price	129.74
IVE	1578077689	bid	129.74
IVE	1578077689	ask	129.75
IVE	1578077689	price	129.73
IVE	1578077689	bid	129.73
IVE	1578077689	ask	129.74
IVE	1578077689	bid	129.72
IVE	1578077689	ask	129.73
IVE	1578077693	price	129.74
IVE	1578077693	bid	129.74
IVE	1578077693	ask	129.75
IVE	1578077702	bid	129.73
IVE	1578077702	ask	129.74
IVE	1578077786	price	129.73
IVE	1578077786	bid	129.72
IVE	1578077786	ask	129.73
IVE	1578077786	price	129.74
IVE	1578077786	price	129.75
IVE	1578077786	price	129.74
IVE	1578077786	bid	129.73
IVE	1578077786	ask	129.74
IVE	1578077786	bid	129.74
IVE	1578077786	price	129.75
IVE	1578077790	bid	129.75
IVE	1578077790	ask	129.76
IVE	1578077834	bid	129.74
IVE	1578077834	ask	129.75
IVE	1578077885	price	129.7407
IVE	1578077885	bid	129.73
IVE	1578077903	price	129.74
IVE	1578077941	price	129.73
IVE	1578077941	ask	129.74
IVE	1578077957	price	129.74
IVE	1578077957	bid	129.74
IVE	1578077957	ask	129.75
IVE	1578077998	price	129.75
IVE	1578077998	bid	129.73
IVE	1578077998	ask	129.77
IVE	1578077998	price	129.77
IVE	1578078017	bid	129.75
IVE	1578078017	ask	129.78
IVE	1578078045	price	129.79
IVE	1578078045	bid	129.76
IVE	1578078045	ask	129.79
IVE	1578078067	price	129.8
IVE	1578078067	bid	129.77
IVE	1578078067	ask	129.8
IVE	1578078081	price	129.77
IVE	1578078081	ask	129.78
IVE	1578078085	price	129.7683
IVE	1578078085	bid	129.76
IVE	1578078085	ask	129.79
IVE	1578078124	price	129.7601
IVE	1578078124	ask	129.78
IVE	1578078132	price	129.74
IVE	1578078132	bid	129.73
IVE	1578078132	ask	129.74
IVE	1578078147	price	129.7426
IVE	1578078147	bid	129.74
IVE	1578078147	ask	129.76
IVE	1578078168	price	129.76
IVE	1578078180	price	129.7487
IVE	1578078180	ask	129.75
IVE	1578078185	price	129.76
IVE	1578078185	bid	129.75
IVE	1578078185	ask	129.77
IVE	1578078192	price	129.75
IVE	1578078192	bid	129.74
IVE	1578078192	ask	129.75
IVE	1578078192	price	129.76
IVE	1578078192	bid	129.75
IVE	1578078192	bid	129.76
IVE	1578078192	ask	129.77
IVE	1578078195	price	129.78
IVE	1578078195	ask	129.78
IVE	1578078197	price	129.76
IVE	1578078197	bid	129.75
IVE	1578078197	ask	129.76
IVE	1578078229	price	129.72
IVE	1578078229	bid	129.71
IVE	1578078229	ask	129.72
IVE	1578078235	price	129.74
IVE	1578078235	bid	129.72
IVE	1578078235	ask	129.74
IVE	1578078248	price	129.73
IVE	1578078248	bid	129.71
IVE	1578078248	ask	129.73
IVE	1578078251	price	129.7
IVE	1578078251	bid	129.7
IVE	1578078251	ask	129.72
IVE	1578078251	price	129.69
IVE	1578078251	price	129.68
IVE	1578078251	bid	129.68
IVE	1578078251	ask	129.69
IVE	1578078251	bid	129.67
IVE	1578078251	ask	129.68
IVE	1578078253	bid	129.68
IVE	1578078253	ask	129.69
IVE	1578078266	price	129.67
IVE	1578078266	bid	129.67
IVE	1578078266	ask	129.68
IVE	1578078273	price	129.6504
IVE	1578078273	bid	129.65
IVE	1578078273	ask	129.66
IVE	1578078273	price	129.6561
IVE	1578078278	price	129.647
IVE	1578078278	bid	129.64
IVE	1578078279	price	129.66
IVE	1578078279	bid	129.66
IVE	1578078279	ask	129.67
IVE	1578078286	price	129.6807
IVE	1578078286	bid	129.67
IVE	1578078286	ask	129.69
IVE	1578078291	price	129.69
IVE	1578078297	bid	129.68
IVE	1578078303	price	129.7
IVE	1578078303	bid	129.7
IVE	1578078303	ask	129.72
IVE	1578078316	price	129.69
IVE	1578078316	bid	129.69
IVE	1578078316	ask	129.7
IVE	1578078317	price	129.7
IVE	1578078334	price	129.685
IVE	1578078334	bid	129.68
IVE	1578078334	ask	129.69
IVE	1578078343	price	129.6854
IVE	1578078343	bid	129.67
IVE	1578078347	price	129.69
IVE	1578078347	bid	129.69
IVE	1578078347	ask	129.7
IVE	1578078348	price	129.6934
IVE	1578078351	price	129.69
IVE	1578078351	bid	129.68
IVE	1578078366	price	129.6984
IVE	1578078366	bid	129.69
IVE	1578078366	ask	129.71
IVE	1578078366	price	129.6993
IVE	1578078377	price	129.705
IVE	1578078426	price	129.6946
IVE	1578078426	ask	129.7
IVE	1578078437	price	129.7
IVE	1578078437	bid	129.7
IVE	1578078437	ask	129.72
IVE	1578078446	price	129.71
IVE	1578078453	bid	129.71
IVE	1578078453	ask	129.73
IVE	1578078453	bid	129.7
IVE	1578078453	ask	129.71
IVE	1578078480	price	129.72
IVE	1578078480	bid	129.71
IVE	1578078480	ask	129.72
IVE	1578078480	price	129.7166
IVE	1578078497	price	129.718
IVE	1578078497	bid	129.7
IVE	1578078501	price	129.72
IVE	1578078501	bid	129.71
IVE	1578078590	price	129.67
IVE	1578078590	bid	129.66
IVE	1578078590	ask	129.67
IVE	1578078648	price	129.68
IVE	1578078648	bid	129.68
IVE	1578078648	ask	129.69
IVE	1578078689	price	129.6558
IVE	1578078689	bid	129.65
IVE	1578078689	ask	129.66
IVE	1578078696	price	129.67
IVE	1578078696	bid	129.66
IVE	1578078696	ask	129.67
IVE	1578078700	price	129.66
IVE	1578078763	price	129.69
IVE	1578078763	bid	129.68
IVE	1578078763	ask	129.69
IVE	1578078797	price	129.6689
IVE	1578078797	bid	129.66
IVE	1578078797	ask	129.67
IVE	1578078914	price	129.63
IVE	1578078914	bid	129.63
IVE	1578078914	ask	129.64
IVE	1578078937	price	129.65
IVE	1578078937	bid	129.65
IVE	1578078937	ask	129.65
IVE	1578079044	price	129.71
IVE	1578079044	bid	129.71
IVE	1578079044	ask	129.72
IVE	1578079103	bid	129.7
IVE	1578079103	ask	129.71
IVE	1578079104	price	129.7158
IVE	1578079104	bid	129.71
IVE	1578079104	ask	129.72
IVE	1578079107	price	129.71
IVE	1578079109	price	129.72
IVE	1578079235	price	129.7099
IVE	1578079235	bid	129.7
IVE	1578079235	ask	129.71
IVE	1578079251	price	129.7137
IVE	1578079251	ask	129.72
IVE	1578079289	price	129.72
IVE	1578079289	bid	129.71
IVE	1578079294	bid	129.72
IVE	1578079294	ask	129.73
IVE	1578079294	price	129.7151
IVE	1578079317	price	129.74
IVE	1578079317	bid	129.74
IVE	1578079317	ask	129.75
IVE	1578079338	price	129.75
IVE	1578079378	price	129.74
IVE	1578079378	bid	129.73
IVE	1578079378	ask	129.74
IVE	1578079383	price	129.748
IVE	1578079383	bid	129.74
IVE	1578079383	ask	129.75
IVE	1578079435	price	129.72
IVE	1578079435	bid	129.72
IVE	1578079435	ask	129.73
IVE	1578079468	price	129.71
IVE	1578079468	bid	129.71
IVE	1578079468	ask	129.72
IVE	1578079470	price	129.72
IVE	1578079508	price	129.74
IVE	1578079508	bid	129.73
IVE	1578079508	ask	129.74
IVE	1578079586	price	129.7087
IVE	1578079586	bid	129.7
IVE	1578079586	ask	129.71
IVE	1578079630	price	129.7
IVE	1578079630	bid	129.69
IVE	1578079630	ask	129.7
IVE	1578079635	price	129.685
IVE	1578079635	bid	129.68
IVE	1578079635	ask	129.69
IVE	1578079669	price	129.725
IVE	1578079669	bid	129.72
IVE	1578079669	ask	129.73
IVE	1578079715	price	129.73
IVE	1578079718	price	129.72
IVE	1578079725	price	129.7299
IVE	1578079760	price	129.71
IVE	1578079760	bid	129.7
IVE	1578079760	ask	129.71
IVE	1578079786	price	129.74
IVE	1578079786	bid	129.73
IVE	1578079786	ask	129.74
IVE	1578079814	price	129.72
IVE	1578079814	bid	129.72
IVE	1578079814	ask	129.72
IVE	1578079853	price	129.7202
IVE	1578079853	ask	129.73
IVE	1578079860	price	129.72
IVE	1578079871	price	129.739
IVE	1578079871	bid	129.73
IVE	1578079871	ask	129.74
IVE	1578079871	price	129.7354
IVE	1578079912	price	129.72
IVE	1578079912	bid	129.72
IVE	1578079912	ask	129.72
IVE	1578079943	bid	129.71
IVE	1578079979	price	129.7156
IVE	1578080009	price	129.7
IVE	1578080009	bid	129.69
IVE	1578080009	ask	129.7
IVE	1578080010	price	129.6999
IVE	1578080032	price	129.7152
IVE	1578080032	bid	129.71
IVE	1578080032	ask	129.72
IVE	1578080044	price	129.72
IVE	1578080044	bid	129.72
IVE	1578080044	ask	129.73
IVE	1578080079	price	129.725
IVE	1578080104	price	129.73
IVE	1578080158	price	129.71
IVE	1578080158	bid	129.7
IVE	1578080158	ask	129.71
IVE	1578080172	price	129.734
IVE	1578080172	bid	129.73
IVE	1578080172	ask	129.74
IVE	1578080174	price	129.7323
IVE	1578080182	price	129.72
IVE	1578080182	bid	129.72
IVE	1578080182	ask	129.73
IVE	1578080182	price	129.711
IVE	1578080182	bid	129.71
IVE	1578080182	ask	129.72
IVE	1578080191	price	129.72
IVE	1578080191	bid	129.72
IVE	1578080191	ask	129.73
IVE	1578080221	price	129.73
IVE	1578080221	bid	129.73
IVE	1578080221	ask	129.74
IVE	1578080221	price	129.74
IVE	1578080222	price	129.72
IVE	1578080222	bid	129.74
IVE	1578080222	ask	129.75
IVE	1578080223	price	129.74
IVE	1578080223	bid	129.73
IVE	1578080223	ask	129.74
IVE	1578080227	bid	129.74
IVE	1578080227	ask	129.75
IVE	1578080236	price	129.75
IVE	1578080236	bid	129.75
IVE	1578080236	ask	129.76
IVE	1578080255	price	129.7566
IVE	1578080255	price	129.75
IVE	1578080255	bid	129.74
IVE	1578080255	ask	129.75
IVE	1578080257	bid	129.75
IVE	1578080257	ask	129.76
IVE	1578080270	price	129.7534
IVE	1578080284	price	129.73
IVE	1578080284	bid	129.73
IVE	1578080284	ask	129.73
IVE	1578080285	ask	129.74
IVE	1578080473	price	129.78
IVE	1578080473	bid	129.78
IVE	1578080473	ask	129.79
IVE	1578080476	price	129.79
IVE	1578080510	price	129.785
IVE	1578080510	price	129.78
IVE	1578080521	bid	129.77
IVE	1578080521	ask	129.78
IVE	1578080587	price	129.7999
IVE	1578080587	bid	129.79
IVE	1578080587	ask	129.8
IVE	1578080587	price	129.7986
IVE	1578080682	price	129.815
IVE	1578080682	bid	129.81
IVE	1578080682	ask	129.82
IVE	1578080690	price	129.82
IVE	1578080744	price	129.8096
IVE	1578080744	bid	129.8
IVE	1578080744	ask	129.81
IVE	1578080744	price	129.8095
IVE	1578080791	price	129.7928
IVE	1578080791	bid	129.79
IVE	1578080791	ask	129.8
IVE	1578080838	price	129.7799
IVE	1578080838	bid	129.77
IVE	1578080838	ask	129.78
IVE	1578080839	price	129.78
IVE	1578080839	bid	129.78
IVE	1578080839	ask	129.79
IVE	1578080845	price	129.79
IVE	1578080868	price	129.78
IVE	1578080904	price	129.7999
IVE	1578080904	bid	129.79
IVE	1578080904	ask	129.8
IVE	1578080920	price	129.8099
IVE	1578080920	bid	129.8
IVE	1578080920	ask	129.81
IVE	1578080921	price	129.8027
IVE	1578080939	price	129.8
IVE	1578080939	bid	129.79
IVE	1578080939	ask	129.8
IVE	1578080942	bid	129.8
IVE	1578080942	ask	129.81
IVE	1578080943	bid	129.79
IVE	1578080943	ask	129.8
IVE	1578080990	price	129.8048
IVE	1578080990	bid	129.8
IVE	1578080990	ask	129.81
IVE	1578081038	price	129.8194
IVE	1578081038	bid	129.81
IVE	1578081038	ask	129.82
IVE	1578081038	price	129.81
IVE	1578081073	price	129.83
IVE	1578081073	bid	129.82
IVE	1578081073	ask	129.83
IVE	1578081080	price	129.839
IVE	1578081080	bid	129.83
IVE	1578081080	ask	129.84
IVE	1578081099	price	129.84
IVE	1578081099	bid	129.84
IVE	1578081099	ask	129.85
IVE	1578081106	price	129.8379
IVE	1578081106	bid	129.83
IVE	1578081106	ask	129.84
IVE	1578081123	price	129.84
IVE	1578081123	price	129.83
IVE	1578081125	price	129.84
IVE	1578081125	bid	129.84
IVE	1578081125	ask	129.85
IVE	1578081127	price	129.844
IVE	1578081129	price	129.845
IVE	1578081129	price	129.842
IVE	1578081129	price	129.841
IVE	1578081165	price	129.85
IVE	1578081168	price	129.8446
IVE	1578081185	price	129.85
IVE	1578081185	bid	129.85
IVE	1578081185	ask	129.86
IVE	1578081283	price	129.855
IVE	1578081283	price	129.853
IVE	1578081283	price	129.851
IVE	1578081333	price	129.85
IVE	1578081333	bid	129.86
IVE	1578081333	ask	129.87
IVE	1578081333	price	129.855
IVE	1578081334	price	129.87
IVE	1578081341	price	129.879
IVE	1578081341	bid	129.87
IVE	1578081341	ask	129.88
IVE	1578081341	price	129.875
IVE	1578081341	price	129.8798
IVE	1578081358	price	129.88
IVE	1578081358	bid	129.88
IVE	1578081358	ask	129.89
IVE	1578081366	price	129.89
IVE	1578081366	bid	129.89
IVE	1578081366	ask	129.9
IVE	1578081379	price	129.8899
IVE	1578081379	bid	129.88
IVE	1578081379	ask	129.89
IVE	1578081400	price	129.885
IVE	1578081400	price	129.89
IVE	1578081400	price	129.88
IVE	1578081400	bid	129.87
IVE	1578081400	ask	129.88
IVE	1578081426	price	129.885
IVE	1578081426	bid	129.88
IVE	1578081426	ask	129.89
IVE	1578081438	price	129.89
IVE	1578081438	bid	129.89
IVE	1578081438	ask	129.9
IVE	1578081500	price	129.86
IVE	1578081500	bid	129.86
IVE	1578081500	ask	129.87
IVE	1578081528	price	129.87
IVE	1578081528	bid	129.87
IVE	1578081543	bid	129.86
IVE	1578081569	price	129.88
IVE	1578081569	bid	129.87
IVE	1578081569	ask	129.88
IVE	1578081653	price	129.85
IVE	1578081653	bid	129.85
IVE	1578081653	ask	129.86
IVE	1578081658	price	129.8535
IVE	1578081665	price	129.85
IVE	1578081665	bid	129.84
IVE	1578081665	ask	129.85
IVE	1578081690	bid	129.85
IVE	1578081705	price	129.87
IVE	1578081705	bid	129.87
IVE	1578081705	ask	129.88
IVE	1578081709	bid	129.86
IVE	1578081709	ask	129.87
IVE	1578081718	price	129.89
IVE	1578081718	bid	129.87
IVE	1578081718	ask	129.88
IVE	1578081718	price	129.88
IVE	1578081718	price	129.89
IVE	1578081718	bid	129.88
IVE	1578081718	ask	129.89
IVE	1578081718	bid	129.89
IVE	1578081718	price	129.9
IVE	1578081718	ask	129.9
IVE	1578081718	bid	129.9
IVE	1578081718	ask	129.91
IVE	1578081718	price	129.91
IVE	1578081718	price	129.92
IVE	1578081718	bid	129.91
IVE	1578081718	ask	129.92
IVE	1578081718	price	129.91
IVE	1578081718	price	129.92
IVE	1578081718	bid	129.92
IVE	1578081718	ask	129.93
IVE	1578081719	price	129.91
IVE	1578081719	bid	129.91
IVE	1578081719	ask	129.92
IVE	1578081723	price	129.92
IVE	1578081723	bid	129.92
IVE	1578081723	ask	129.93
IVE	1578081733	price	129.93
IVE	1578081733	bid	129.93
IVE	1578081733	ask	129.94
IVE	1578081733	price	129.92
IVE	1578081733	bid	129.92
IVE	1578081733	ask	129.93
IVE	1578081734	price	129.91
IVE	1578081734	bid	129.9
IVE	1578081734	ask	129.91
IVE	1578081735	price	129.92
IVE	1578081735	price	129.93
IVE	1578081735	price	129.91
IVE	1578081735	price	129.93
IVE	1578081735	price	129.91
IVE	1578081735	price	129.93
IVE	1578081735	price	129.92
IVE	1578081735	price	129.93
IVE	1578081735	price	129.92
IVE	1578081735	price	129.93
IVE	1578081735	price	129.92
IVE	1578081735	price	129.93
IVE	1578081735	price	129.94
IVE	1578081735	price	129.93
IVE	1578081735	price	129.92
IVE	1578081735	price	129.94
IVE	1578081735	bid	129.91
IVE	1578081735	ask	129.92
IVE	1578081735	bid	129.92
IVE	1578081735	bid	129.93
IVE	1578081735	ask	129.93
IVE	1578081735	price	129.95
IVE	1578081735	bid	129.95
IVE	1578081735	ask	129.96
IVE	1578081738	price	129.955
IVE	1578081739	price	129.95
IVE	1578081739	bid	129.94
IVE	1578081739	ask	129.95
IVE	1578081747	price	129.9499
IVE	1578081753	price	129.95
IVE	1578081753	price	129.96
IVE	1578081753	bid	129.95
IVE	1578081753	ask	129.96
IVE	1578081757	price	129.9587
IVE	1578081757	price	129.95
IVE	1578081757	bid	129.94
IVE	1578081757	ask	129.95
IVE	1578081757	price	129.955
IVE	1578081761	price	129.95
IVE	1578081767	price	129.9446
IVE	1578081778	price	129.945
IVE	1578081786	price	129.94
IVE	1578081786	bid	129.93
IVE	1578081786	ask	129.94
IVE	1578081790	price	129.95
IVE	1578081790	price	129.96
IVE	1578081790	price	129.94
IVE	1578081790	price	129.96
IVE	1578081790	price	129.95
IVE	1578081790	price	129.96
IVE	1578081790	price	129.95
IVE	1578081790	price	129.96
IVE	1578081790	price	129.95
IVE	1578081790	price	129.96
IVE	1578081790	price	129.97
IVE	1578081790	price	129.96
IVE	1578081790	bid	129.94
IVE	1578081790	price	129.97
IVE	1578081790	bid	129.96
IVE	1578081790	ask	129.96
IVE	1578081790	ask	129.97
IVE	1578081790	price	129.98
IVE	1578081790	bid	129.97
IVE	1578081790	ask	129.98
IVE	1578081790	ask	129.99
IVE	1578081790	bid	129.98
IVE	1578081796	price	129.97
IVE	1578081796	bid	129.97
IVE	1578081796	ask	129.98
IVE	1578081796	bid	129.96
IVE	1578081796	ask	129.97
IVE	1578081818	price	129.96
IVE	1578081844	price	129.9874
IVE	1578081844	bid	129.98
IVE	1578081844	ask	129.99
IVE	1578081849	price	129.98
IVE	1578081851	bid	129.97
IVE	1578081851	ask	129.98
IVE	1578081910	price	129.94
IVE	1578081910	bid	129.93
IVE	1578081910	ask	129.94
IVE	1578081950	price	129.9201
IVE	1578081950	bid	129.92
IVE	1578081950	ask	129.93
IVE	1578081951	price	129.9258
IVE	1578081957	price	129.9239
IVE	1578081963	price	129.92
IVE	1578081970	price	129.91
IVE	1578081970	bid	129.9
IVE	1578081970	ask	129.91
IVE	1578081971	price	129.92
IVE	1578081971	bid	129.91
IVE	1578081971	ask	129.92
IVE	1578081994	price	129.9051
IVE	1578081994	bid	129.9
IVE	1578081994	ask	129.91
IVE	1578081994	price	129.9
IVE	1578081994	bid	129.89
IVE	1578081994	ask	129.9
IVE	1578081995	bid	129.9
IVE	1578081995	ask	129.91
IVE	1578082031	price	129.9065
IVE	1578082052	price	129.92
IVE	1578082052	bid	129.91
IVE	1578082052	ask	129.92
IVE	1578082179	price	129.925
IVE	1578082179	bid	129.92
IVE	1578082179	ask	129.93
IVE	1578082184	price	129.9254
IVE	1578082196	price	129.919
IVE	1578082196	bid	129.91
IVE	1578082196	ask	129.92
IVE	1578082209	price	129.91
IVE	1578082209	price	129.9
IVE	1578082209	bid	129.9
IVE	1578082209	ask	129.91
IVE	1578082209	bid	129.89
IVE	1578082209	ask	129.9
IVE	1578082214	price	129.89
IVE	1578082214	bid	129.88
IVE	1578082214	ask	129.89
IVE	1578082226	price	129.88
IVE	1578082226	price	129.885
IVE	1578082228	price	129.88
IVE	1578082228	bid	129.87
IVE	1578082228	ask	129.88
IVE	1578082238	price	129.87
IVE	1578082238	bid	129.86
IVE	1578082238	ask	129.87
IVE	1578082239	price	129.88
IVE	1578082239	bid	129.88
IVE	1578082239	ask	129.89
IVE	1578082259	price	129.89
IVE	1578082259	bid	129.89
IVE	1578082259	ask	129.9
IVE	1578082290	price	129.9
IVE	1578082290	bid	129.9
IVE	1578082290	ask	129.91
IVE	1578082317	price	129.905
IVE	1578082319	price	129.91
IVE	1578082330	price	129.895
IVE	1578082330	bid	129.89
IVE	1578082330	ask	129.9
IVE	1578082383	price	129.89
IVE	1578082383	bid	129.88
IVE	1578082383	ask	129.89
IVE	1578082409	price	129.9
IVE	1578082409	bid	129.89
IVE	1578082409	ask	129.9
IVE	1578082421	price	129.8901
IVE	1578082426	price	129.88
IVE	1578082426	bid	129.87
IVE	1578082426	ask	129.88
IVE	1578082442	price	129.86
IVE	1578082442	bid	129.85
IVE	1578082442	ask	129.86
IVE	1578082453	price	129.87
IVE	1578082453	bid	129.87
IVE	1578082453	ask	129.88
IVE	1578082505	price	129.88
IVE	1578082505	price	129.87
IVE	1578082505	bid	129.86
IVE	1578082505	ask	129.87
IVE	1578082527	price	129.89
IVE	1578082527	bid	129.88
IVE	1578082527	ask	129.89
IVE	1578082545	price	129.87
IVE	1578082545	bid	129.86
IVE	1578082545	ask	129.87
IVE	1578082545	price	129.869
IVE	1578082549	price	129.87
IVE	1578082575	price	129.84
IVE	1578082575	bid	129.83
IVE	1578082575	ask	129.84
IVE	1578082579	price	129.835
IVE	1578082584	price	129.83
IVE	1578082584	bid	129.82
IVE	1578082584	ask	129.83
IVE	1578082598	price	129.84
IVE	1578082598	bid	129.83
IVE	1578082598	ask	129.84
IVE	1578082612	price	129.82
IVE	1578082612	bid	129.81
IVE	1578082612	ask	129.82
IVE	1578082619	price	129.79
IVE	1578082619	bid	129.79
IVE	1578082619	ask	129.8
IVE	1578082643	price	129.8
IVE	1578082643	bid	129.8
IVE	1578082643	ask	129.81
IVE	1578082645	price	129.82
IVE	1578082645	bid	129.82
IVE	1578082645	ask	129.83
IVE	1578082664	price	129.81
IVE	1578082664	bid	129.8
IVE	1578082664	ask	129.81
IVE	1578082665	bid	129.81
IVE	1578082665	ask	129.82
IVE	1578082673	bid	129.8
IVE	1578082673	ask	129.81
IVE	1578082683	bid	129.81
IVE	1578082683	ask	129.82
IVE	1578082684	bid	129.8
IVE	1578082684	ask	129.81
IVE	1578082700	bid	129.81
IVE	1578082700	ask	129.82
IVE	1578082703	price	129.82
IVE	1578082703	bid	129.83
IVE	1578082703	ask	129.84
IVE	1578082703	price	129.83
IVE	1578082708	price	129.8359
IVE	1578082711	price	129.84
IVE	1578082713	bid	129.84
IVE	1578082713	ask	129.85
IVE	1578082725	price	129.83
IVE	1578082725	bid	129.82
IVE	1578082725	ask	129.83
IVE	1578082756	price	129.8299
IVE	1578082825	price	129.84
IVE	1578082825	bid	129.84
IVE	1578082825	ask	129.85
IVE	1578082825	price	129.85
IVE	1578082825	bid	129.85
IVE	1578082836	bid	129.84
IVE	1578082836	ask	129.86
IVE	1578082851	price	129.83
IVE	1578082851	bid	129.82
IVE	1578082851	ask	129.83
IVE	1578082872	bid	129.83
IVE	1578082872	ask	129.84
IVE	1578082873	price	129.81
IVE	1578082873	bid	129.8
IVE	1578082873	ask	129.81
IVE	1578082876	price	129.79
IVE	1578082876	bid	129.78
IVE	1578082876	ask	129.79
IVE	1578082877	price	129.795
IVE	1578082880	price	129.79
IVE	1578082880	bid	129.79
IVE	1578082880	ask	129.8
IVE	1578082888	price	129.8
IVE	1578082889	price	129.79
IVE	1578082889	ask	129.79
IVE	1578082889	price	129.78
IVE	1578082889	bid	129.78
IVE	1578082890	price	129.77
IVE	1578082890	bid	129.76
IVE	1578082890	ask	129.77
IVE	1578082890	price	129.76
IVE	1578082890	bid	129.75
IVE	1578082890	ask	129.76
IVE	1578082905	price	129.75
IVE	1578082905	bid	129.74
IVE	1578082905	ask	129.75
IVE	1578082921	price	129.77
IVE	1578082921	bid	129.76
IVE	1578082921	ask	129.77
IVE	1578082927	price	129.78
IVE	1578082927	bid	129.77
IVE	1578082927	ask	129.78
IVE	1578082939	bid	129.78
IVE	1578082939	ask	129.79
IVE	1578082951	price	129.7931
IVE	1578082951	bid	129.79
IVE	1578082951	ask	129.8
IVE	1578082952	price	129.79
IVE	1578082952	price	129.7942
IVE	1578082982	price	129.775
IVE	1578082982	bid	129.77
IVE	1578082982	ask	129.78
IVE	1578082982	price	129.77
IVE	1578082983	price	129.775
IVE	1578082983	bid	129.76
IVE	1578082983	ask	129.77
IVE	1578082983	price	129.78
IVE	1578082987	price	129.75
IVE	1578082987	bid	129.75
IVE	1578082987	ask	129.76
IVE	1578083006	price	129.74
IVE	1578083006	bid	129.73
IVE	1578083006	ask	129.74
IVE	1578083024	price	129.73
IVE	1578083024	bid	129.72
IVE	1578083024	ask	129.73
IVE	1578083030	bid	129.73
IVE	1578083030	ask	129.74
IVE	1578083031	price	129.74
IVE	1578083043	price	129.71
IVE	1578083043	bid	129.71
IVE	1578083043	ask	129.72
IVE	1578083045	bid	129.7
IVE	1578083045	ask	129.71
IVE	1578083045	bid	129.71
IVE	1578083045	ask	129.72
IVE	1578083052	price	129.72
IVE	1578083078	price	129.725
IVE	1578083078	ask	129.73
IVE	1578083082	price	129.735
IVE	1578083082	bid	129.72
IVE	1578083082	price	129.73
IVE	1578083082	price	129.735
IVE	1578083089	price	129.72
IVE	1578083089	bid	129.71
IVE	1578083089	ask	129.72
IVE	1578083092	price	129.7
IVE	1578083092	bid	129.7
IVE	1578083092	ask	129.71
IVE	1578083097	price	129.73
IVE	1578083097	bid	129.73
IVE	1578083097	ask	129.74
IVE	1578083113	price	129.76
IVE	1578083113	bid	129.76
IVE	1578083113	ask	129.77
IVE	1578083115	bid	129.75
IVE	1578083115	ask	129.76
IVE	1578083115	price	129.7554
IVE	1578083166	price	129.76
IVE	1578083178	price	129.75
IVE	1578083178	bid	129.74
IVE	1578083178	ask	129.75
IVE	1578083185	price	129.74
IVE	1578083185	bid	129.73
IVE	1578083185	ask	129.74
IVE	1578083188	bid	129.74
IVE	1578083195	bid	129.73
IVE	1578083197	price	129.7315
IVE	1578083203	price	129.74
IVE	1578083203	bid	129.74
IVE	1578083203	ask	129.75
IVE	1578083207	price	129.7401
IVE	1578083216	price	129.74
IVE	1578083216	price	129.745
IVE	1578083216	price	129.74
IVE	1578083216	bid	129.73
IVE	1578083216	ask	129.74
IVE	1578083217	price	129.73
IVE	1578083217	bid	129.72
IVE	1578083217	ask	129.73
IVE	1578083218	price	129.7346
IVE	1578083218	bid	129.73
IVE	1578083218	ask	129.74
IVE	1578083220	price	129.73
IVE	1578083220	bid	129.72
IVE	1578083220	ask	129.73
IVE	1578083226	price	129.72
IVE	1578083233	price	129.71
IVE	1578083233	bid	129.7
IVE	1578083233	ask	129.71
IVE	1578083287	price	129.7201
IVE	1578083287	bid	129.72
IVE	1578083287	ask	129.73
IVE	1578083312	price	129.7309
IVE	1578083312	bid	129.73
IVE	1578083312	ask	129.74
IVE	1578083320	price	129.74
IVE	1578083324	price	129.73
IVE	1578083324	price	129.74
IVE	1578083324	bid	129.74
IVE	1578083324	ask	129.75
IVE	1578083365	price	129.73
IVE	1578083365	bid	129.72
IVE	1578083365	ask	129.73
IVE	1578083385	price	129.7267
IVE	1578083401	price	129.71
IVE	1578083401	bid	129.7
IVE	1578083401	ask	129.71
IVE	1578083401	price	129.715
IVE	1578083408	price	129.73
IVE	1578083408	bid	129.72
IVE	1578083408	ask	129.73
IVE	1578083410	price	129.72
IVE	1578083410	bid	129.71
IVE	1578083410	ask	129.72
IVE	1578083460	price	129.67
IVE	1578083460	bid	129.67
IVE	1578083460	ask	129.68
IVE	1578083461	bid	129.66
IVE	1578083461	ask	129.67
IVE	1578083463	price	129.66
IVE	1578083463	ask	129.66
IVE	1578083463	ask	129.67
IVE	1578083463	bid	129.65
IVE	1578083463	ask	129.66
IVE	1578083467	price	129.65
IVE	1578083472	price	129.64
IVE	1578083472	bid	129.63
IVE	1578083472	ask	129.64
IVE	1578083496	price	129.62
IVE	1578083496	bid	129.61
IVE	1578083496	ask	129.62
IVE	1578083498	price	129.6
IVE	1578083498	bid	129.59
IVE	1578083498	ask	129.6
IVE	1578083502	price	129.59
IVE	1578083502	bid	129.58
IVE	1578083502	ask	129.59
IVE	1578083523	price	129.6
IVE	1578083523	bid	129.6
IVE	1578083523	ask	129.61
IVE	1578083549	price	129.6203
IVE	1578083549	bid	129.62
IVE	1578083549	ask	129.63
IVE	1578083551	price	129.624
IVE	1578083553	price	129.63
IVE	1578083553	bid	129.63
IVE	1578083562	bid	129.62
IVE	1578083562	price	129.635
IVE	1578083581	price	129.64
IVE	1578083581	bid	129.63
IVE	1578083581	ask	129.64
IVE	1578083611	bid	129.64
IVE	1578083611	ask	129.65
IVE	1578083612	price	129.65
IVE	1578083612	bid	129.65
IVE	1578083612	ask	129.66
IVE	1578083623	price	129.66
IVE	1578083623	bid	129.66
IVE	1578083623	ask	129.67
IVE	1578083623	price	129.67
IVE	1578083688	price	129.66
IVE	1578083688	bid	129.65
IVE	1578083688	ask	129.66
IVE	1578083691	bid	129.66
IVE	1578083691	ask	129.67
IVE	1578083704	price	129.64
IVE	1578083704	bid	129.63
IVE	1578083704	ask	129.64
IVE	1578083737	price	129.65
IVE	1578083737	bid	129.65
IVE	1578083737	ask	129.66
IVE	1578083792	price	129.68
IVE	1578083792	bid	129.67
IVE	1578083792	ask	129.68
IVE	1578083794	price	129.67
IVE	1578083794	bid	129.66
IVE	1578083794	ask	129.67
IVE	1578083797	bid	129.67
IVE	1578083797	ask	129.68
IVE	1578083802	price	129.6799
IVE	1578083805	price	129.675
IVE	1578083826	price	129.67
IVE	1578083826	bid	129.66
IVE	1578083826	ask	129.67
IVE	1578083845	price	129.68
IVE	1578083845	bid	129.67
IVE	1578083845	ask	129.68
IVE	1578083850	price	129.6719
IVE	1578083852	price	129.67
IVE	1578083852	ask	129.67
IVE	1578083858	bid	129.66
IVE	1578083858	price	129.6666
IVE	1578083866	price	129.67
IVE	1578083871	bid	129.67
IVE	1578083871	ask	129.68
IVE	1578083928	price	129.63
IVE	1578083928	bid	129.64
IVE	1578083928	ask	129.65
IVE	1578083928	bid	129.62
IVE	1578083928	ask	129.63
IVE	1578083953	price	129.6
IVE	1578083953	bid	129.61
IVE	1578083953	ask	129.62
IVE	1578083962	price	129.62
IVE	1578083962	bid	129.62
IVE	1578083962	ask	129.63
IVE	1578083996	price	129.61
IVE	1578083996	bid	129.6
IVE	1578083996	ask	129.61
IVE	1578084010	price	129.6
IVE	1578084021	price	129.5941
IVE	1578084021	bid	129.59
IVE	1578084021	ask	129.6
IVE	1578084026	price	129.599
IVE	1578084027	price	129.59
IVE	1578084027	bid	129.58
IVE	1578084027	ask	129.59
IVE	1578084049	price	129.6
IVE	1578084049	bid	129.6
IVE	1578084049	ask	129.61
IVE	1578084061	price	129.6001
IVE	1578084075	price	129.61
IVE	1578084095	bid	129.61
IVE	1578084095	ask	129.62
IVE	1578084097	bid	129.6
IVE	1578084097	ask	129.61
IVE	1578084099	price	129.6
IVE	1578084102	price	129.61
IVE	1578084102	price	129.615
IVE	1578084102	bid	129.61
IVE	1578084102	ask	129.62
IVE	1578084111	price	129.61
IVE	1578084111	bid	129.6
IVE	1578084111	ask	129.61
IVE	1578084112	price	129.62
IVE	1578084112	bid	129.61
IVE	1578084112	ask	129.62
IVE	1578084124	price	129.6331
IVE	1578084124	bid	129.63
IVE	1578084124	ask	129.64
IVE	1578084137	price	129.64
IVE	1578084152	price	129.639
IVE	1578084152	price	129.6354
IVE	1578084154	price	129.64
IVE	1578084154	bid	129.64
IVE	1578084154	ask	129.65
IVE	1578084163	price	129.6573
IVE	1578084163	bid	129.65
IVE	1578084163	ask	129.66
IVE	1578084189	price	129.67
IVE	1578084189	bid	129.66
IVE	1578084189	ask	129.67
IVE	1578084226	price	129.7
IVE	1578084226	bid	129.69
IVE	1578084226	ask	129.7
IVE	1578084226	bid	129.7
IVE	1578084226	ask	129.71
IVE	1578084245	price	129.69
IVE	1578084245	bid	129.69
IVE	1578084245	ask	129.7
IVE	1578084259	price	129.7
IVE	1578084297	price	129.71
IVE	1578084297	bid	129.71
IVE	1578084297	ask	129.72
IVE	1578084314	price	129.7
IVE	1578084314	bid	129.7
IVE	1578084314	ask	129.71
IVE	1578084357	price	129.705
IVE	1578084369	price	129.7
IVE	1578084369	price	129.71
IVE	1578084375	price	129.7139
IVE	1578084375	bid	129.71
IVE	1578084375	ask	129.72
IVE	1578084395	price	129.72
IVE	1578084395	bid	129.72
IVE	1578084395	ask	129.73
IVE	1578084443	price	129.68
IVE	1578084443	bid	129.67
IVE	1578084443	ask	129.68
IVE	1578084454	price	129.66
IVE	1578084454	bid	129.66
IVE	1578084454	ask	129.67
IVE	1578084480	price	129.68
IVE	1578084480	bid	129.68
IVE	1578084480	ask	129.69
IVE	1578084489	price	129.66
IVE	1578084489	bid	129.66
IVE	1578084489	ask	129.67
IVE	1578084494	bid	129.65
IVE	1578084494	ask	129.66
IVE	1578084503	price	129.65
IVE	1578084503	bid	129.64
IVE	1578084503	ask	129.65
IVE	1578084509	price	129.64
IVE	1578084509	bid	129.63
IVE	1578084509	ask	129.64
IVE	1578084520	price	129.615
IVE	1578084520	bid	129.61
IVE	1578084520	ask	129.62
IVE	1578084537	price	129.5906
IVE	1578084537	bid	129.59
IVE	1578084537	ask	129.6
IVE	1578084543	price	129.62
IVE	1578084543	bid	129.61
IVE	1578084543	ask	129.62
IVE	1578084551	price	129.63
IVE	1578084551	bid	129.62
IVE	1578084551	ask	129.63
IVE	1578084556	price	129.6233
IVE	1578084560	price	129.62
IVE	1578084567	price	129.63
IVE	1578084567	bid	129.63
IVE	1578084567	ask	129.64
IVE	1578084569	price	129.64
IVE	1578084580	price	129.676
IVE	1578084580	bid	129.67
IVE	1578084580	ask	129.68
IVE	1578084580	price	129.67
IVE	1578084580	bid	129.66
IVE	1578084580	ask	129.67
IVE	1578084585	price	129.6602
IVE	1578084586	price	129.66
IVE	1578084590	price	129.6699
IVE	1578084600	price	129.67
IVE	1578084600	bid	129.67
IVE	1578084600	ask	129.68
IVE	1578084600	price	129.66
IVE	1578084600	bid	129.66
IVE	1578084600	ask	129.67
IVE	1578084600	bid	129.65
IVE	1578084600	ask	129.66
IVE	1578084600	price	129.65
IVE	1578084600	price	129.64
IVE	1578084600	price	129.63
IVE	1578084600	bid	129.64
IVE	1578084600	ask	129.65
IVE	1578084600	bid	129.63
IVE	1578084600	ask	129.64
IVE	1578084600	bid	129.61
IVE	1578084600	ask	129.63
IVE	1578084600	price	129.62
IVE	1578084600	ask	129.62
IVE	1578084600	bid	129.62
IVE	1578084600	ask	129.63
IVE	1578084600	price	129.63
IVE	1578084600	price	129.64
IVE	1578084600	bid	129.64
IVE	1578084600	ask	129.65
IVE	1578084600	price	129.65
IVE	1578084602	price	129.64
IVE	1578084605	price	129.63
IVE	1578084605	bid	129.63
IVE	1578084605	ask	129.63
IVE	1578084605	price	129.64
IVE	1578084605	ask	129.64
IVE	1578084605	bid	129.64
IVE	1578084605	ask	129.65
IVE	1578084606	price	129.65
IVE	1578084606	bid	129.65
IVE	1578084606	ask	129.66
IVE	1578084606	price	129.66
IVE	1578084606	bid	129.66
IVE	1578084606	ask	129.67
IVE	1578084621	price	129.68
IVE	1578084621	bid	129.68
IVE	1578084621	ask	129.69
IVE	1578084624	price	129.7
IVE	1578084624	bid	129.7
IVE	1578084624	ask	129.71
IVE	1578084624	price	129.695
IVE	1578084624	price	129.7
IVE	1578084624	price	129.695
IVE	1578084624	price	129.7
IVE	1578084624	bid	129.69
IVE	1578084624	ask	129.7
IVE	1578084630	price	129.71
IVE	1578084630	bid	129.7
IVE	1578084630	ask	129.71
IVE	1578084630	bid	129.71
IVE	1578084630	ask	129.72
IVE	1578084645	price	129.72
IVE	1578084645	bid	129.72
IVE	1578084645	ask	129.73
IVE	1578084649	price	129.73
IVE	1578084649	bid	129.73
IVE	1578084649	ask	129.74
IVE	1578084654	price	129.74
IVE	1578084654	bid	129.74
IVE	1578084654	ask	129.75
IVE	1578084657	price	129.75
IVE	1578084661	bid	129.75
IVE	1578084661	ask	129.76
IVE	1578084666	price	129.74
IVE	1578084666	bid	129.73
IVE	1578084666	ask	129.74
IVE	1578084678	price	129.75
IVE	1578084678	bid	129.75
IVE	1578084678	ask	129.76
IVE	1578084678	price	129.7513
IVE	1578084679	price	129.76
IVE	1578084679	bid	129.76
IVE	1578084679	ask	129.77
IVE	1578084688	bid	129.75
IVE	1578084688	ask	129.76
IVE	1578084722	price	129.8
IVE	1578084722	bid	129.79
IVE	1578084722	ask	129.8
IVE	1578084727	price	129.8095
IVE	1578084727	bid	129.8
IVE	1578084727	ask	129.81
IVE	1578084728	price	129.8
IVE	1578084740	price	129.81
IVE	1578084740	bid	129.81
IVE	1578084740	ask	129.82
IVE	1578084743	bid	129.8
IVE	1578084743	ask	129.81
IVE	1578084743	price	129.82
IVE	1578084743	ask	129.82
IVE	1578084743	bid	129.82
IVE	1578084743	ask	129.83
IVE	1578084743	price	129.83
IVE	1578084743	price	129.82
IVE	1578084743	price	129.83
IVE	1578084743	bid	129.83
IVE	1578084743	ask	129.84
IVE	1578084746	price	129.84
IVE	1578084761	price	129.85
IVE	1578084761	bid	129.84
IVE	1578084761	ask	129.85
IVE	1578084766	price	129.845
IVE	1578084772	price	129.84
IVE	1578084772	bid	129.83
IVE	1578084772	ask	129.84
IVE	1578084775	price	129.81
IVE	1578084775	bid	129.81
IVE	1578084775	ask	129.82
IVE	1578084775	price	129.82
IVE	1578084775	bid	129.82
IVE	1578084775	ask	129.83
IVE	1578084776	price	129.83
IVE	1578084779	price	129.82
IVE	1578084779	bid	129.81
IVE	1578084779	ask	129.82
IVE	1578084802	price	129.81
IVE	1578084802	price	129.82
IVE	1578084814	price	129.8135
IVE	1578084814	price	129.82
IVE	1578084814	bid	129.82
IVE	1578084814	ask	129.83
IVE	1578084822	bid	129.81
IVE	1578084822	ask	129.82
IVE	1578084827	bid	129.82
IVE	1578084827	ask	129.83
IVE	1578084838	price	129.81
IVE	1578084838	bid	129.8
IVE	1578084838	ask	129.81
IVE	1578084839	bid	129.81
IVE	1578084839	ask	129.82
IVE	1578084840	price	129.82
IVE	1578084840	bid	129.82
IVE	1578084840	ask	129.83
IVE	1578084843	price	129.8
IVE	1578084843	bid	129.79
IVE	1578084843	ask	129.8
IVE	1578084860	price	129.789
IVE	1578084860	bid	129.78
IVE	1578084860	ask	129.79
IVE	1578084863	price	129.79
IVE	1578084870	price	129.78
IVE	1578084870	bid	129.77
IVE	1578084870	ask	129.78
IVE	1578084870	bid	129.78
IVE	1578084870	ask	129.79
IVE	1578084878	price	129.79
IVE	1578084881	price	129.785
IVE	1578084881	bid	129.77
IVE	1578084881	ask	129.78
IVE	1578084886	price	129.7746
IVE	1578084907	price	129.78
IVE	1578084907	price	129.79
IVE	1578084907	bid	129.79
IVE	1578084907	ask	129.79
IVE	1578084908	ask	129.8
IVE	1578084908	price	129.7932
IVE	1578084913	price	129.78
IVE	1578084913	bid	129.77
IVE	1578084913	ask	129.78
IVE	1578084916	price	129.77
IVE	1578084916	bid	129.76
IVE	1578084916	ask	129.77
IVE	1578084922	price	129.76
IVE	1578084922	bid	129.75
IVE	1578084922	ask	129.76
IVE	1578084926	price	129.75
IVE	1578084926	bid	129.74
IVE	1578084926	ask	129.75
IVE	1578084937	price	129.74
IVE	1578084952	price	129.77
IVE	1578084952	bid	129.77
IVE	1578084952	ask	129.78
IVE	1578084965	price	129.7865
IVE	1578084965	bid	129.78
IVE	1578084965	ask	129.79
IVE	1578084968	price	129.79
IVE	1578084970	price	129.78
IVE	1578084970	bid	129.77
IVE	1578084970	ask	129.78
IVE	1578084972	price	129.77
IVE	1578084972	bid	129.76
IVE	1578084972	ask	129.77
IVE	1578084977	price	129.78
IVE	1578084977	bid	129.78
IVE	1578084977	ask	129.79
IVE	1578084982	price	129.776
IVE	1578084982	bid	129.77
IVE	1578084982	ask	129.78
IVE	1578084984	price	129.78
IVE	1578084984	bid	129.78
IVE	1578084984	ask	129.79
IVE	1578085001	price	129.79
IVE	1578085020	price	129.78
IVE	1578085020	bid	129.77
IVE	1578085020	ask	129.78
IVE	1578085020	price	129.77
IVE	1578085021	bid	129.76
IVE	1578085021	ask	129.77
IVE	1578085024	price	129.76
IVE	1578085027	price	129.755
IVE	1578085027	bid	129.75
IVE	1578085027	ask	129.76
IVE	1578085032	price	129.74
IVE	1578085032	bid	129.73
IVE	1578085032	ask	129.74
IVE	1578085033	bid	129.74
IVE	1578085033	ask	129.75
IVE	1578085033	price	129.75
IVE	1578085034	bid	129.75
IVE	1578085034	ask	129.76
IVE	1578085039	price	129.74
IVE	1578085039	bid	129.74
IVE	1578085039	ask	129.75
IVE	1578085039	bid	129.73
IVE	1578085039	ask	129.74
IVE	1578085043	price	129.73
IVE	1578085043	bid	129.72
IVE	1578085043	ask	129.73
IVE	1578085048	bid	129.73
IVE	1578085057	price	129.71
IVE	1578085057	bid	129.7
IVE	1578085057	ask	129.71
IVE	1578085057	price	129.705
IVE	1578085074	price	129.7
IVE	1578085086	bid	129.69
IVE	1578085086	ask	129.7
IVE	1578085094	price	129.71
IVE	1578085094	bid	129.71
IVE	1578085094	ask	129.72
IVE	1578085096	price	129.715
IVE	1578085100	price	129.71
IVE	1578085100	bid	129.7
IVE	1578085104	price	129.7
IVE	1578085104	bid	129.69
IVE	1578085104	ask	129.71
IVE	1578085106	bid	129.7
IVE	1578085111	price	129.69
IVE	1578085111	bid	129.69
IVE	1578085111	ask	129.7
IVE	1578085120	price	129.68
IVE	1578085120	bid	129.68
IVE	1578085120	ask	129.69
IVE	1578085122	price	129.685
IVE	1578085122	price	129.69
IVE	1578085124	bid	129.69
IVE	1578085124	ask	129.7
IVE	1578085132	price	129.72
IVE	1578085132	bid	129.71
IVE	1578085132	ask	129.72
IVE	1578085132	bid	129.72
IVE	1578085132	ask	129.73
IVE	1578085132	price	129.73
IVE	1578085136	bid	129.73
IVE	1578085136	ask	129.74
IVE	1578085137	price	129.74
IVE	1578085137	bid	129.74
IVE	1578085137	ask	129.75
IVE	1578085139	price	129.735
IVE	1578085139	bid	129.73
IVE	1578085139	ask	129.74
IVE	1578085139	price	129.73
IVE	1578085140	price	129.71
IVE	1578085140	bid	129.71
IVE	1578085140	ask	129.72
IVE	1578085141	price	129.705
IVE	1578085141	bid	129.7
IVE	1578085141	ask	129.71
IVE	1578085141	price	129.7
IVE	1578085141	bid	129.69
IVE	1578085141	ask	129.7
IVE	1578085148	bid	129.7
IVE	1578085148	ask	129.71
IVE	1578085148	price	129.71
IVE	1578085148	price	129.705
IVE	1578085148	price	129.71
IVE	1578085149	bid	129.71
IVE	1578085149	ask	129.72
IVE	1578085151	price	129.72
IVE	1578085151	bid	129.72
IVE	1578085151	ask	129.73
IVE	1578085151	price	129.73
IVE	1578085151	bid	129.73
IVE	1578085151	ask	129.74
IVE	1578085162	price	129.74
IVE	1578085162	price	129.735
IVE	1578085162	price	129.74
IVE	1578085163	bid	129.74
IVE	1578085163	ask	129.75
IVE	1578085164	price	129.75
IVE	1578085164	bid	129.75
IVE	1578085164	ask	129.76
IVE	1578085167	price	129.76
IVE	1578085167	bid	129.76
IVE	1578085167	ask	129.77
IVE	1578085168	bid	129.75
IVE	1578085168	ask	129.76
IVE	1578085168	bid	129.76
IVE	1578085168	ask	129.77
IVE	1578085173	bid	129.75
IVE	1578085173	ask	129.76
IVE	1578085174	price	129.77
IVE	1578085174	bid	129.77
IVE	1578085174	ask	129.77
IVE	1578085175	bid	129.76
IVE	1578085175	ask	129.78
IVE	1578085179	price	129.75
IVE	1578085179	bid	129.74
IVE	1578085179	ask	129.76
IVE	1578085179	price	129.76
IVE	1578085179	bid	129.76
IVE	1578085179	ask	129.77
IVE	1578085180	price	129.77
IVE	1578085180	bid	129.77
IVE	1578085180	ask	129.78
IVE	1578085180	price	129.76
IVE	1578085180	bid	129.75
IVE	1578085180	ask	129.76
IVE	1578085182	price	129.77
IVE	1578085182	bid	129.76
IVE	1578085182	ask	129.77
IVE	1578085183	bid	129.77
IVE	1578085183	ask	129.78
IVE	1578085183	price	129.78
IVE	1578085183	ask	129.79
IVE	1578085185	price	129.77
IVE	1578085185	bid	129.76
IVE	1578085185	ask	129.77
IVE	1578085185	price	129.76
IVE	1578085185	bid	129.75
IVE	1578085185	ask	129.76
IVE	1578085185	bid	129.76
IVE	1578085185	ask	129.77
IVE	1578085186	price	129.755
IVE	1578085186	bid	129.75
IVE	1578085186	ask	129.76
IVE	1578085186	price	129.74
IVE	1578085186	bid	129.73
IVE	1578085186	ask	129.75
IVE	1578085187	bid	129.72
IVE	1578085187	ask	129.74
IVE	1578085187	price	129.75
IVE	1578085187	bid	129.74
IVE	1578085187	ask	129.75
IVE	1578085189	price	129.74
IVE	1578085189	price	129.75
IVE	1578085192	price	129.76
IVE	1578085192	ask	129.76
IVE	1578085195	price	129.73
IVE	1578085195	bid	129.71
IVE	1578085195	ask	129.74
IVE	1578085196	price	129.72
IVE	1578085196	bid	129.7
IVE	1578085196	ask	129.73
IVE	1578085197	price	129.7
IVE	1578085197	ask	129.72
IVE	1578085197	price	129.72
IVE	1578085198	price	129.7
IVE	1578085198	bid	129.69
IVE	1578085198	ask	129.71
IVE	1578085198	price	129.69
IVE	1578085198	ask	129.7
IVE	1578085198	bid	129.68
IVE	1578085198	price	129.68
IVE	1578085198	ask	129.69
IVE	1578085198	bid	129.67
IVE	1578085198	price	129.67
IVE	1578085198	ask	129.68
IVE	1578085199	price	129.68
IVE	1578085199	price	129.66
IVE	1578085199	bid	129.65
IVE	1578085199	price	129.65
IVE	1578085199	ask	129.67
IVE	1578085199	bid	129.64
IVE	1578085199	price	129.64
IVE	1578085199	ask	129.66
IVE	1578085200	price	129.66
IVE	1578085200	price	129.64
IVE	1578085200	bid	129.56
IVE	1578085203	price	129.66
IVE	1578085203	bid	129.58
IVE	1578085203	ask	129.78
IVE	1578085800	bid	129.37
IVE	1578085800	ask	131.51
IVE	1578094200	bid	127.32
IVE	1578094200	ask	131.9
