IVE	1598447362	price	115.6
IVE	1598447362	bid	115.6
IVE	1598447362	ask	115.76
IVE	1598448600	price	115.64
IVE	1598448600	bid	115.53
IVE	1598448600	ask	115.66
IVE	1598448615	price	115.41
IVE	1598448615	bid	115.36
IVE	1598448615	ask	115.44
IVE	1598448617	price	115.45
IVE	1598448617	bid	115.38
IVE	1598448617	ask	115.45
IVE	1598448667	price	115.24
IVE	1598448667	bid	115.24
IVE	1598448667	ask	115.26
IVE	1598448668	bid	115.21
IVE	1598448668	ask	115.24
IVE	1598448676	price	115.22
IVE	1598448676	bid	115.22
IVE	1598448676	ask	115.26
IVE	1598448705	price	115.18
IVE	1598448705	bid	115.16
IVE	1598448705	ask	115.18
IVE	1598448705	bid	115.14
IVE	1598448706	bid	115.18
IVE	1598448706	ask	115.19
IVE	1598448761	price	115.24
IVE	1598448761	bid	115.2
IVE	1598448761	ask	115.24
IVE	1598448761	bid	115.24
IVE	1598448761	ask	115.25
IVE	1598448762	price	115.25
IVE	1598448762	bid	115.25
IVE	1598448762	ask	115.27
IVE	1598448764	price	115.24
IVE	1598448764	bid	115.24
IVE	1598448764	ask	115.26
IVE	1598448764	price	115.26
IVE	1598448764	ask	115.27
IVE	1598448803	price	115.24
IVE	1598448803	bid	115.21
IVE	1598448803	ask	115.25
IVE	1598448806	price	115.25
IVE	1598448806	bid	115.23
IVE	1598448806	ask	115.26
IVE	1598448806	price	115.26
IVE	1598448806	bid	115.25
IVE	1598448806	ask	115.27
IVE	1598448846	price	115.3
IVE	1598448846	bid	115.29
IVE	1598448846	ask	115.3
IVE	1598448871	price	115.275
IVE	1598448871	bid	115.26
IVE	1598448871	ask	115.29
IVE	1598448876	price	115.2605
IVE	1598448876	bid	115.25
IVE	1598448876	ask	115.28
IVE	1598448899	price	115.24
IVE	1598448899	bid	115.23
IVE	1598448899	ask	115.25
IVE	1598448922	price	115.14
IVE	1598448922	bid	115.11
IVE	1598448922	ask	115.14
IVE	1598448922	bid	115.1
IVE	1598448922	ask	115.13
IVE	1598448943	bid	115.14
IVE	1598448943	ask	115.16
IVE	1598448943	ask	115.17
IVE	1598448945	bid	115.13
IVE	1598448947	price	115.12
IVE	1598448947	bid	115.12
IVE	1598448947	ask	115.16
IVE	1598448963	bid	115.1
IVE	1598448963	ask	115.14
IVE	1598449008	price	115.11
IVE	1598449008	bid	115.09
IVE	1598449008	ask	115.12
IVE	1598449025	price	115.1
IVE	1598449025	bid	115.08
IVE	1598449040	price	115.13
IVE	1598449040	bid	115.12
IVE	1598449040	ask	115.13
IVE	1598449040	bid	115.13
IVE	1598449040	ask	115.14
IVE	1598449084	price	115.18
IVE	1598449084	bid	115.17
IVE	1598449084	ask	115.18
IVE	1598449094	bid	115.18
IVE	1598449094	ask	115.2
IVE	1598449094	bid	115.16
IVE	1598449094	ask	115.18
IVE	1598449102	price	115.15
IVE	1598449102	bid	115.14
IVE	1598449102	ask	115.17
IVE	1598449123	price	115.21
IVE	1598449123	bid	115.2
IVE	1598449123	ask	115.21
IVE	1598449127	price	115.2175
IVE	1598449127	bid	115.21
IVE	1598449127	ask	115.24
IVE	1598449131	price	115.23
IVE	1598449131	bid	115.23
IVE	1598449131	ask	115.25
IVE	1598449140	price	115.22
IVE	1598449140	bid	115.22
IVE	1598449140	ask	115.23
IVE	1598449141	ask	115.24
IVE	1598449141	bid	115.2
IVE	1598449141	ask	115.22
IVE	1598449152	bid	115.18
IVE	1598449180	price	115.21
IVE	1598449180	bid	115.2
IVE	1598449203	price	115.235
IVE	1598449203	bid	115.22
IVE	1598449203	ask	115.26
IVE	1598449204	price	115.26
IVE	1598449204	bid	115.26
IVE	1598449204	ask	115.27
IVE	1598449204	bid	115.25
IVE	1598449204	ask	115.26
IVE	1598449205	bid	115.26
IVE	1598449205	ask	115.28
IVE	1598449222	bid	115.24
IVE	1598449271	price	115.25
IVE	1598449271	bid	115.23
IVE	1598449271	ask	115.25
IVE	1598449331	price	115.18
IVE	1598449331	bid	115.15
IVE	1598449331	ask	115.19
IVE	1598449332	price	115.16
IVE	1598449332	ask	115.16
IVE	1598449343	price	115.1772
IVE	1598449343	bid	115.16
IVE	1598449343	ask	115.2
IVE	1598449370	price	115.16
IVE	1598449370	ask	115.17
IVE	1598449400	bid	115.15
IVE	1598449404	price	115.15
IVE	1598449404	bid	115.13
IVE	1598449404	ask	115.16
IVE	1598449413	price	115.17
IVE	1598449413	bid	115.15
IVE	1598449413	ask	115.17
IVE	1598449438	price	115.1897
IVE	1598449438	ask	115.19
IVE	1598449482	price	115.15
IVE	1598449482	ask	115.17
IVE	1598449490	price	115.155
IVE	1598449490	bid	115.14
IVE	1598449490	ask	115.15
IVE	1598449490	price	115.15
IVE	1598449503	price	115.1
IVE	1598449503	bid	115.08
IVE	1598449503	ask	115.1
IVE	1598449616	price	115.15
IVE	1598449616	bid	115.15
IVE	1598449616	ask	115.16
IVE	1598449624	price	115.14
IVE	1598449624	bid	115.12
IVE	1598449624	ask	115.15
IVE	1598449626	price	115.15
IVE	1598449626	bid	115.13
IVE	1598449626	ask	115.16
IVE	1598449650	price	115.1
IVE	1598449650	bid	115.09
IVE	1598449650	ask	115.11
IVE	1598449659	price	115.13
IVE	1598449659	bid	115.12
IVE	1598449659	ask	115.13
IVE	1598449659	price	115.1201
IVE	1598449659	price	115.13
IVE	1598449659	bid	115.13
IVE	1598449659	ask	115.14
IVE	1598449659	bid	115.12
IVE	1598449659	ask	115.13
IVE	1598449660	bid	115.13
IVE	1598449660	ask	115.14
IVE	1598449661	bid	115.12
IVE	1598449661	ask	115.13
IVE	1598449671	price	115.14
IVE	1598449671	bid	115.13
IVE	1598449671	ask	115.14
IVE	1598449780	price	115.22
IVE	1598449780	bid	115.2
IVE	1598449780	ask	115.22
IVE	1598449824	price	115.265
IVE	1598449824	bid	115.24
IVE	1598449824	ask	115.27
IVE	1598449839	price	115.24
IVE	1598449839	bid	115.23
IVE	1598449839	ask	115.25
IVE	1598449858	price	115.23
IVE	1598449858	bid	115.22
IVE	1598449858	ask	115.23
IVE	1598449859	price	115.22
IVE	1598449859	bid	115.2
IVE	1598449859	ask	115.22
IVE	1598449861	price	115.21
IVE	1598449861	bid	115.19
IVE	1598449906	price	115.25
IVE	1598449906	bid	115.23
IVE	1598449906	ask	115.25
IVE	1598449911	price	115.2501
IVE	1598449911	bid	115.25
IVE	1598449911	ask	115.27
IVE	1598449944	price	115.2701
IVE	1598449944	bid	115.27
IVE	1598449944	ask	115.3
IVE	1598449944	price	115.3
IVE	1598449954	price	115.29
IVE	1598449954	bid	115.26
IVE	1598449954	ask	115.29
IVE	1598449983	bid	115.29
IVE	1598449983	ask	115.3
IVE	1598449983	bid	115.27
IVE	1598449984	price	115.3
IVE	1598450004	price	115.35
IVE	1598450004	bid	115.35
IVE	1598450004	ask	115.36
IVE	1598450005	bid	115.34
IVE	1598450005	ask	115.35
IVE	1598450005	price	115.345
IVE	1598450020	price	115.33
IVE	1598450020	bid	115.33
IVE	1598450020	ask	115.34
IVE	1598450021	bid	115.32
IVE	1598450034	price	115.3401
IVE	1598450034	bid	115.34
IVE	1598450034	ask	115.37
IVE	1598450042	price	115.34
IVE	1598450042	bid	115.33
IVE	1598450042	ask	115.35
IVE	1598450046	price	115.32
IVE	1598450046	bid	115.32
IVE	1598450046	ask	115.33
IVE	1598450048	bid	115.3
IVE	1598450057	price	115.31
IVE	1598450057	bid	115.28
IVE	1598450057	ask	115.31
IVE	1598450058	bid	115.29
IVE	1598450069	price	115.28
IVE	1598450069	bid	115.28
IVE	1598450069	ask	115.29
IVE	1598450074	price	115.31
IVE	1598450074	bid	115.31
IVE	1598450074	ask	115.32
IVE	1598450075	price	115.32
IVE	1598450075	bid	115.3
IVE	1598450084	price	115.31
IVE	1598450084	ask	115.31
IVE	1598450089	price	115.318
IVE	1598450089	ask	115.32
IVE	1598450090	price	115.32
IVE	1598450090	bid	115.31
IVE	1598450090	ask	115.33
IVE	1598450100	price	115.3
IVE	1598450100	bid	115.3
IVE	1598450100	ask	115.32
IVE	1598450103	price	115.31
IVE	1598450103	ask	115.31
IVE	1598450107	price	115.32
IVE	1598450107	bid	115.31
IVE	1598450107	ask	115.34
IVE	1598450131	price	115.3
IVE	1598450131	bid	115.28
IVE	1598450131	ask	115.3
IVE	1598450151	price	115.27
IVE	1598450151	bid	115.27
IVE	1598450158	bid	115.25
IVE	1598450158	ask	115.27
IVE	1598450194	price	115.29
IVE	1598450194	bid	115.27
IVE	1598450194	ask	115.29
IVE	1598450197	price	115.26
IVE	1598450197	bid	115.24
IVE	1598450197	ask	115.26
IVE	1598450202	price	115.275
IVE	1598450202	bid	115.26
IVE	1598450202	ask	115.29
IVE	1598450203	price	115.2603
IVE	1598450203	price	115.29
IVE	1598450203	bid	115.28
IVE	1598450203	ask	115.3
IVE	1598450203	bid	115.29
IVE	1598450203	price	115.3
IVE	1598450203	price	115.29
IVE	1598450203	ask	115.29
IVE	1598450203	price	115.3
IVE	1598450203	price	115.29
IVE	1598450203	bid	115.28
IVE	1598450203	price	115.3
IVE	1598450205	price	115.285
IVE	1598450227	price	115.28
IVE	1598450227	bid	115.26
IVE	1598450227	ask	115.28
IVE	1598450241	price	115.31
IVE	1598450241	bid	115.3
IVE	1598450241	ask	115.31
IVE	1598450259	price	115.3
IVE	1598450259	bid	115.29
IVE	1598450259	ask	115.3
IVE	1598450267	price	115.281
IVE	1598450267	bid	115.28
IVE	1598450267	ask	115.32
IVE	1598450275	price	115.31
IVE	1598450275	bid	115.29
IVE	1598450275	ask	115.31
IVE	1598450282	price	115.28
IVE	1598450282	bid	115.27
IVE	1598450282	ask	115.3
IVE	1598450304	price	115.26
IVE	1598450304	bid	115.25
IVE	1598450304	ask	115.28
IVE	1598450304	ask	115.27
IVE	1598450378	price	115.29
IVE	1598450378	bid	115.28
IVE	1598450378	ask	115.29
IVE	1598450442	price	115.22
IVE	1598450442	bid	115.21
IVE	1598450442	ask	115.24
IVE	1598450469	price	115.2885
IVE	1598450469	bid	115.25
IVE	1598450469	ask	115.28
IVE	1598450469	price	115.26
IVE	1598450476	price	115.31
IVE	1598450476	bid	115.29
IVE	1598450476	ask	115.32
IVE	1598450504	price	115.32
IVE	1598450504	bid	115.31
IVE	1598450511	price	115.29
IVE	1598450511	bid	115.28
IVE	1598450511	ask	115.3
IVE	1598450517	bid	115.29
IVE	1598450526	price	115.27
IVE	1598450526	bid	115.26
IVE	1598450526	ask	115.27
IVE	1598450526	price	115.26
IVE	1598450550	price	115.285
IVE	1598450550	bid	115.27
IVE	1598450550	ask	115.3
IVE	1598450591	price	115.2294
IVE	1598450591	bid	115.21
IVE	1598450591	ask	115.24
IVE	1598450601	price	115.24
IVE	1598450601	bid	115.24
IVE	1598450601	ask	115.26
IVE	1598450601	price	115.25
IVE	1598450601	ask	115.25
IVE	1598450608	price	115.26
IVE	1598450608	ask	115.26
IVE	1598450614	price	115.2599
IVE	1598450614	price	115.26
IVE	1598450614	price	115.245
IVE	1598450614	price	115.26
IVE	1598450618	price	115.23
IVE	1598450618	bid	115.23
IVE	1598450624	price	115.24
IVE	1598450647	price	115.3
IVE	1598450647	bid	115.29
IVE	1598450647	ask	115.31
IVE	1598450647	price	115.28
IVE	1598450647	bid	115.27
IVE	1598450647	ask	115.28
IVE	1598450685	price	115.3063
IVE	1598450685	bid	115.3
IVE	1598450685	ask	115.33
IVE	1598450706	price	115.33
IVE	1598450706	bid	115.32
IVE	1598450709	price	115.3202
IVE	1598450709	ask	115.34
IVE	1598450741	price	115.33
IVE	1598450741	ask	115.33
IVE	1598450763	price	115.34
IVE	1598450763	bid	115.33
IVE	1598450763	ask	115.35
IVE	1598450800	price	115.33
IVE	1598450800	bid	115.32
IVE	1598450800	ask	115.33
IVE	1598450807	bid	115.33
IVE	1598450807	ask	115.34
IVE	1598450863	price	115.34
IVE	1598450863	ask	115.35
IVE	1598450888	price	115.3282
IVE	1598450888	bid	115.31
IVE	1598450888	ask	115.34
IVE	1598450911	price	115.33
IVE	1598450911	bid	115.32
IVE	1598450911	ask	115.33
IVE	1598450927	price	115.32
IVE	1598450927	bid	115.31
IVE	1598450973	price	115.31
IVE	1598450973	bid	115.3
IVE	1598451012	price	115.359
IVE	1598451012	bid	115.33
IVE	1598451012	ask	115.36
IVE	1598451026	price	115.33
IVE	1598451026	bid	115.32
IVE	1598451026	ask	115.33
IVE	1598451030	bid	115.3
IVE	1598451050	price	115.35
IVE	1598451050	bid	115.35
IVE	1598451050	ask	115.37
IVE	1598451050	price	115.36
IVE	1598451063	ask	115.36
IVE	1598451094	price	115.35
IVE	1598451094	bid	115.34
IVE	1598451094	ask	115.37
IVE	1598451120	price	115.34
IVE	1598451120	ask	115.35
IVE	1598451121	bid	115.32
IVE	1598451121	ask	115.34
IVE	1598451129	price	115.33
IVE	1598451129	ask	115.33
IVE	1598451212	price	115.35
IVE	1598451212	bid	115.34
IVE	1598451212	ask	115.35
IVE	1598451233	price	115.34
IVE	1598451233	bid	115.33
IVE	1598451233	ask	115.34
IVE	1598451245	price	115.32
IVE	1598451245	bid	115.3
IVE	1598451245	ask	115.32
IVE	1598451260	price	115.33
IVE	1598451260	bid	115.32
IVE	1598451260	ask	115.33
IVE	1598451260	bid	115.33
IVE	1598451260	ask	115.34
IVE	1598451285	bid	115.32
IVE	1598451320	bid	115.31
IVE	1598451320	ask	115.31
IVE	1598451320	price	115.34
IVE	1598451320	price	115.32
IVE	1598451320	price	115.33
IVE	1598451320	price	115.34
IVE	1598451320	price	115.32
IVE	1598451320	price	115.33
IVE	1598451320	price	115.34
IVE	1598451320	price	115.31
IVE	1598451320	bid	115.29
IVE	1598451320	ask	115.32
IVE	1598451320	price	115.34
IVE	1598451378	price	115.28
IVE	1598451378	bid	115.28
IVE	1598451378	ask	115.29
IVE	1598451378	ask	115.28
IVE	1598451391	price	115.25
IVE	1598451391	bid	115.24
IVE	1598451391	ask	115.26
IVE	1598451436	price	115.24
IVE	1598451436	ask	115.25
IVE	1598451512	price	115.25
IVE	1598451512	bid	115.25
IVE	1598451512	ask	115.26
IVE	1598451512	bid	115.24
IVE	1598451512	ask	115.25
IVE	1598451560	price	115.26
IVE	1598451560	bid	115.25
IVE	1598451560	ask	115.26
IVE	1598451573	price	115.25
IVE	1598451573	bid	115.23
IVE	1598451573	ask	115.25
IVE	1598451621	price	115.22
IVE	1598451621	bid	115.22
IVE	1598451621	ask	115.23
IVE	1598451621	bid	115.2
IVE	1598451621	ask	115.22
IVE	1598451687	price	115.1992
IVE	1598451687	bid	115.19
IVE	1598451687	price	115.1993
IVE	1598451687	price	115.199
IVE	1598451713	price	115.2
IVE	1598451713	ask	115.2
IVE	1598451732	price	115.191
IVE	1598451732	ask	115.21
IVE	1598451764	price	115.22
IVE	1598451764	bid	115.22
IVE	1598451764	ask	115.23
IVE	1598451770	price	115.2152
IVE	1598451770	bid	115.2
IVE	1598451823	price	115.2
IVE	1598451823	bid	115.19
IVE	1598451823	ask	115.21
IVE	1598451825	price	115.195
IVE	1598451825	bid	115.18
IVE	1598451840	price	115.1975
IVE	1598451840	bid	115.19
IVE	1598451840	ask	115.22
IVE	1598451841	price	115.22
IVE	1598451845	price	115.191
IVE	1598451860	price	115.22
IVE	1598451860	bid	115.22
IVE	1598451930	price	115.175
IVE	1598451930	bid	115.16
IVE	1598451930	ask	115.19
IVE	1598451946	price	115.17
IVE	1598451946	ask	115.18
IVE	1598451972	price	115.16
IVE	1598451972	bid	115.15
IVE	1598451972	ask	115.16
IVE	1598451972	price	115.17
IVE	1598451983	price	115.16
IVE	1598451983	bid	115.16
IVE	1598451983	ask	115.18
IVE	1598452008	ask	115.16
IVE	1598452008	bid	115.15
IVE	1598452014	price	115.1328
IVE	1598452014	bid	115.13
IVE	1598452023	price	115.16
IVE	1598452023	bid	115.15
IVE	1598452024	bid	115.16
IVE	1598452024	ask	115.17
IVE	1598452084	bid	115.14
IVE	1598452084	ask	115.16
IVE	1598452105	price	115.1583
IVE	1598452145	price	115.21
IVE	1598452145	bid	115.2
IVE	1598452145	ask	115.21
IVE	1598452186	price	115.2
IVE	1598452186	bid	115.19
IVE	1598452186	ask	115.2
IVE	1598452264	price	115.165
IVE	1598452264	bid	115.15
IVE	1598452264	ask	115.18
IVE	1598452265	price	115.15
IVE	1598452265	ask	115.16
IVE	1598452297	price	115.1742
IVE	1598452297	bid	115.17
IVE	1598452297	ask	115.2
IVE	1598452322	price	115.18
IVE	1598452322	ask	115.19
IVE	1598452329	price	115.1923
IVE	1598452329	bid	115.18
IVE	1598452329	ask	115.2
IVE	1598452335	price	115.2
IVE	1598452335	bid	115.2
IVE	1598452335	ask	115.21
IVE	1598452352	bid	115.19
IVE	1598452413	price	115.21
IVE	1598452431	bid	115.2
IVE	1598452431	ask	115.23
IVE	1598452470	price	115.22
IVE	1598452470	bid	115.22
IVE	1598452506	bid	115.21
IVE	1598452506	ask	115.22
IVE	1598452511	ask	115.23
IVE	1598452523	price	115.2197
IVE	1598452525	price	115.23
IVE	1598452525	bid	115.22
IVE	1598452529	price	115.223
IVE	1598452529	ask	115.24
IVE	1598452529	price	115.24
IVE	1598452529	bid	115.23
IVE	1598452535	price	115.23
IVE	1598452535	bid	115.22
IVE	1598452535	ask	115.23
IVE	1598452535	bid	115.23
IVE	1598452535	ask	115.24
IVE	1598452536	price	115.24
IVE	1598452536	bid	115.24
IVE	1598452536	ask	115.25
IVE	1598452553	price	115.2577
IVE	1598452553	ask	115.26
IVE	1598452559	price	115.25
IVE	1598452582	price	115.254
IVE	1598452600	price	115.255
IVE	1598452600	ask	115.27
IVE	1598452619	price	115.23
IVE	1598452619	bid	115.21
IVE	1598452619	ask	115.23
IVE	1598452674	price	115.2299
IVE	1598452707	price	115.22
IVE	1598452707	ask	115.22
IVE	1598452714	price	115.229
IVE	1598452714	bid	115.22
IVE	1598452714	ask	115.23
IVE	1598452722	price	115.23
IVE	1598452722	bid	115.21
IVE	1598452741	price	115.2181
IVE	1598452741	bid	115.2
IVE	1598452741	ask	115.22
IVE	1598452751	price	115.2
IVE	1598452751	bid	115.19
IVE	1598452751	ask	115.2
IVE	1598452775	price	115.185
IVE	1598452775	bid	115.18
IVE	1598452775	ask	115.19
IVE	1598452777	price	115.19
IVE	1598452777	bid	115.19
IVE	1598452777	ask	115.2
IVE	1598452784	price	115.189
IVE	1598452784	bid	115.18
IVE	1598452784	price	115.19
IVE	1598452784	price	115.2
IVE	1598452798	price	115.19
IVE	1598452849	price	115.18
IVE	1598452849	bid	115.17
IVE	1598452849	ask	115.18
IVE	1598452849	bid	115.18
IVE	1598452849	ask	115.2
IVE	1598452891	price	115.16
IVE	1598452891	bid	115.16
IVE	1598452891	ask	115.17
IVE	1598452892	bid	115.15
IVE	1598452892	ask	115.16
IVE	1598452892	price	115.15
IVE	1598452918	price	115.16
IVE	1598452918	bid	115.16
IVE	1598452918	ask	115.17
IVE	1598452987	price	115.1719
IVE	1598452987	bid	115.17
IVE	1598452987	ask	115.19
IVE	1598452993	price	115.1659
IVE	1598452993	bid	115.16
IVE	1598452993	ask	115.17
IVE	1598453022	price	115.1428
IVE	1598453022	bid	115.14
IVE	1598453059	price	115.15
IVE	1598453059	bid	115.15
IVE	1598453059	ask	115.16
IVE	1598453074	price	115.1585
IVE	1598453074	bid	115.14
IVE	1598453076	price	115.14
IVE	1598453076	ask	115.15
IVE	1598453115	price	115.148
IVE	1598453115	bid	115.13
IVE	1598453219	price	115.16
IVE	1598453219	bid	115.15
IVE	1598453219	ask	115.17
IVE	1598453267	price	115.14
IVE	1598453267	bid	115.12
IVE	1598453267	ask	115.14
IVE	1598453281	price	115.132
IVE	1598453281	bid	115.13
IVE	1598453281	ask	115.15
IVE	1598453284	price	115.15
IVE	1598453327	price	115.1702
IVE	1598453327	bid	115.15
IVE	1598453327	ask	115.18
IVE	1598453338	price	115.15
IVE	1598453338	bid	115.14
IVE	1598453338	ask	115.15
IVE	1598453365	price	115.13
IVE	1598453365	bid	115.12
IVE	1598453365	ask	115.14
IVE	1598453397	price	115.14
IVE	1598453397	bid	115.13
IVE	1598453408	bid	115.14
IVE	1598453408	ask	115.15
IVE	1598453410	bid	115.13
IVE	1598453413	price	115.15
IVE	1598453413	bid	115.14
IVE	1598453414	price	115.14
IVE	1598453414	bid	115.13
IVE	1598453414	ask	115.14
IVE	1598453441	price	115.15
IVE	1598453441	bid	115.15
IVE	1598453441	ask	115.16
IVE	1598453450	bid	115.14
IVE	1598453450	ask	115.15
IVE	1598453479	price	115.1402
IVE	1598453502	price	115.14
IVE	1598453502	bid	115.13
IVE	1598453502	ask	115.14
IVE	1598453597	ask	115.15
IVE	1598453598	price	115.15
IVE	1598453598	bid	115.14
IVE	1598453598	bid	115.15
IVE	1598453598	ask	115.16
IVE	1598453598	bid	115.14
IVE	1598453598	ask	115.15
IVE	1598453604	price	115.14
IVE	1598453607	price	115.15
IVE	1598453666	price	115.1452
IVE	1598453666	ask	115.16
IVE	1598453676	price	115.14
IVE	1598453676	bid	115.13
IVE	1598453676	ask	115.14
IVE	1598453803	price	115.08
IVE	1598453803	bid	115.07
IVE	1598453803	ask	115.09
IVE	1598453835	price	115.0563
IVE	1598453835	bid	115.05
IVE	1598453835	ask	115.06
IVE	1598453844	price	115.05
IVE	1598453844	bid	115.04
IVE	1598453847	ask	115.05
IVE	1598453848	bid	115.05
IVE	1598453848	ask	115.07
IVE	1598453848	bid	115.04
IVE	1598453848	ask	115.05
IVE	1598453869	bid	115.05
IVE	1598453869	ask	115.07
IVE	1598453877	price	115.08
IVE	1598453877	bid	115.07
IVE	1598453877	ask	115.08
IVE	1598453879	price	115.07
IVE	1598453879	bid	115.06
IVE	1598453879	ask	115.07
IVE	1598453879	price	115.0668
IVE	1598453885	price	115.07
IVE	1598453885	bid	115.07
IVE	1598453885	ask	115.08
IVE	1598453936	price	115.085
IVE	1598453936	bid	115.08
IVE	1598453936	ask	115.09
IVE	1598453959	price	115.08
IVE	1598453959	bid	115.07
IVE	1598453959	ask	115.08
IVE	1598453960	bid	115.06
IVE	1598453960	ask	115.07
IVE	1598453960	price	115.07
IVE	1598453960	ask	115.08
IVE	1598453960	price	115.08
IVE	1598453965	price	115.06
IVE	1598453965	bid	115.05
IVE	1598453965	ask	115.06
IVE	1598454064	price	115.01
IVE	1598454064	bid	115.0
IVE	1598454064	ask	115.01
IVE	1598454067	price	115.0
IVE	1598454088	bid	114.99
IVE	1598454088	ask	115.0
IVE	1598454097	price	114.99
IVE	1598454097	bid	114.98
IVE	1598454097	ask	114.99
IVE	1598454102	price	114.98
IVE	1598454102	bid	114.97
IVE	1598454187	price	114.99
IVE	1598454187	bid	114.98
IVE	1598454194	price	114.98
IVE	1598454194	bid	114.97
IVE	1598454194	ask	114.98
IVE	1598454231	price	115.0063
IVE	1598454231	bid	114.99
IVE	1598454231	ask	115.01
IVE	1598454270	price	115.02
IVE	1598454270	bid	115.01
IVE	1598454270	ask	115.03
IVE	1598454299	price	115.03
IVE	1598454299	bid	115.03
IVE	1598454299	ask	115.04
IVE	1598454360	price	115.04
IVE	1598454439	price	115.005
IVE	1598454439	bid	114.99
IVE	1598454439	ask	115.02
IVE	1598454455	price	115.03
IVE	1598454455	bid	115.02
IVE	1598454455	ask	115.05
IVE	1598454699	price	115.055
IVE	1598454699	bid	115.05
IVE	1598454699	ask	115.06
IVE	1598454706	price	115.0491
IVE	1598454706	bid	115.04
IVE	1598454706	ask	115.05
IVE	1598454719	price	115.08
IVE	1598454719	bid	115.06
IVE	1598454719	ask	115.07
IVE	1598454719	ask	115.08
IVE	1598454719	price	115.07
IVE	1598454719	bid	115.07
IVE	1598454719	ask	115.09
IVE	1598454719	bid	115.06
IVE	1598454719	ask	115.07
IVE	1598454731	bid	115.07
IVE	1598454731	ask	115.08
IVE	1598454737	price	115.08
IVE	1598454747	ask	115.09
IVE	1598454757	price	115.086
IVE	1598454757	bid	115.08
IVE	1598454787	price	115.08
IVE	1598454901	price	115.05
IVE	1598454901	bid	115.04
IVE	1598454901	ask	115.06
IVE	1598454902	price	115.06
IVE	1598454902	bid	115.05
IVE	1598454911	price	115.05
IVE	1598454934	price	115.07
IVE	1598454934	ask	115.07
IVE	1598454962	price	115.08
IVE	1598454962	bid	115.07
IVE	1598454962	ask	115.08
IVE	1598454962	bid	115.08
IVE	1598454962	ask	115.09
IVE	1598454984	price	115.0984
IVE	1598454984	ask	115.1
IVE	1598454996	price	115.08
IVE	1598454996	ask	115.09
IVE	1598455048	price	115.0401
IVE	1598455048	bid	115.04
IVE	1598455048	ask	115.06
IVE	1598455055	price	115.059
IVE	1598455138	price	114.965
IVE	1598455138	bid	114.95
IVE	1598455138	ask	114.98
IVE	1598455143	price	114.95
IVE	1598455143	bid	114.94
IVE	1598455143	ask	114.96
IVE	1598455145	bid	114.95
IVE	1598455166	price	114.96
IVE	1598455181	price	114.949
IVE	1598455181	bid	114.93
IVE	1598455181	ask	114.95
IVE	1598455230	price	114.961
IVE	1598455230	bid	114.96
IVE	1598455230	ask	114.98
IVE	1598455231	price	114.9666
IVE	1598455245	price	114.97
IVE	1598455245	ask	114.97
IVE	1598455274	price	114.98
IVE	1598455274	ask	114.98
IVE	1598455340	price	114.97
IVE	1598455340	bid	114.97
IVE	1598455362	price	114.975
IVE	1598455408	price	114.97
IVE	1598455408	bid	114.96
IVE	1598455408	ask	114.97
IVE	1598455481	price	114.965
IVE	1598455502	price	114.95
IVE	1598455502	bid	114.95
IVE	1598455502	ask	114.96
IVE	1598455518	price	114.98
IVE	1598455518	bid	114.97
IVE	1598455518	ask	114.98
IVE	1598455519	bid	114.98
IVE	1598455519	ask	114.99
IVE	1598455523	price	114.97
IVE	1598455523	bid	114.96
IVE	1598455523	ask	114.98
IVE	1598455609	price	114.99
IVE	1598455609	bid	114.99
IVE	1598455609	ask	115.0
IVE	1598455628	price	115.0
IVE	1598455628	ask	115.01
IVE	1598455719	price	115.02
IVE	1598455719	bid	115.01
IVE	1598455719	ask	115.03
IVE	1598455758	price	115.012
IVE	1598455769	price	115.02
IVE	1598455769	bid	115.02
IVE	1598455769	ask	115.04
IVE	1598455790	price	115.0359
IVE	1598455799	price	115.03
IVE	1598455799	ask	115.03
IVE	1598455844	price	115.005
IVE	1598455844	bid	115.0
IVE	1598455844	ask	115.01
IVE	1598455901	price	115.0
IVE	1598455901	bid	114.99
IVE	1598455901	ask	115.0
IVE	1598455921	price	114.97
IVE	1598455921	bid	114.97
IVE	1598455921	ask	114.99
IVE	1598455941	price	114.9999
IVE	1598455941	bid	114.99
IVE	1598455941	ask	115.01
IVE	1598456006	price	114.98
IVE	1598456006	bid	114.97
IVE	1598456006	ask	114.99
IVE	1598456014	price	114.97
IVE	1598456014	price	114.96
IVE	1598456014	price	114.97
IVE	1598456014	bid	114.96
IVE	1598456014	ask	114.97
IVE	1598456014	price	114.96
IVE	1598456014	bid	114.95
IVE	1598456015	bid	114.96
IVE	1598456041	price	114.9777
IVE	1598456041	ask	114.98
IVE	1598456073	price	114.97
IVE	1598456086	price	114.98
IVE	1598456086	bid	114.98
IVE	1598456086	ask	114.99
IVE	1598456086	price	114.99
IVE	1598456086	bid	114.99
IVE	1598456086	ask	115.0
IVE	1598456104	price	114.98
IVE	1598456104	bid	114.98
IVE	1598456104	ask	114.99
IVE	1598456135	price	114.97
IVE	1598456135	bid	114.97
IVE	1598456135	ask	115.0
IVE	1598456136	price	114.98
IVE	1598456136	bid	114.96
IVE	1598456136	ask	114.98
IVE	1598456204	price	114.97
IVE	1598456287	price	114.988
IVE	1598456287	bid	114.97
IVE	1598456287	ask	114.99
IVE	1598456294	price	114.96
IVE	1598456294	bid	114.95
IVE	1598456294	ask	114.97
IVE	1598456370	price	114.94
IVE	1598456370	bid	114.93
IVE	1598456370	ask	114.95
IVE	1598456391	price	114.945
IVE	1598456391	ask	114.96
IVE	1598456391	price	114.93
IVE	1598456398	bid	114.94
IVE	1598456427	price	114.9586
IVE	1598456431	price	114.96
IVE	1598456431	bid	114.95
IVE	1598456468	bid	114.96
IVE	1598456468	ask	114.97
IVE	1598456559	price	115.02
IVE	1598456559	bid	115.01
IVE	1598456559	ask	115.02
IVE	1598456573	price	115.01
IVE	1598456573	ask	115.03
IVE	1598456584	price	115.02
IVE	1598456584	bid	115.02
IVE	1598456586	ask	115.04
IVE	1598456586	price	115.03
IVE	1598456586	price	115.02
IVE	1598456589	price	115.04
IVE	1598456589	bid	115.03
IVE	1598456609	bid	115.04
IVE	1598456609	ask	115.05
IVE	1598456637	price	115.05
IVE	1598456637	ask	115.06
IVE	1598456637	price	115.06
IVE	1598456665	price	115.04
IVE	1598456665	bid	115.03
IVE	1598456665	ask	115.04
IVE	1598456704	price	115.03
IVE	1598456704	bid	115.02
IVE	1598456714	ask	115.03
IVE	1598456731	price	115.04
IVE	1598456731	bid	115.05
IVE	1598456731	ask	115.06
IVE	1598456731	price	115.05
IVE	1598456731	bid	115.04
IVE	1598456731	ask	115.05
IVE	1598456736	price	115.04
IVE	1598456755	price	115.05
IVE	1598456755	bid	115.05
IVE	1598456755	ask	115.07
IVE	1598456816	price	115.09
IVE	1598456816	bid	115.09
IVE	1598456816	ask	115.11
IVE	1598456837	price	115.11
IVE	1598456837	bid	115.1
IVE	1598456853	ask	115.12
IVE	1598456906	price	115.137
IVE	1598456906	bid	115.11
IVE	1598456906	ask	115.14
IVE	1598456913	price	115.11
IVE	1598456975	ask	115.12
IVE	1598456976	bid	115.1
IVE	1598456976	ask	115.11
IVE	1598456982	price	115.119
IVE	1598456982	bid	115.12
IVE	1598456982	ask	115.13
IVE	1598456982	price	115.12
IVE	1598456982	price	115.13
IVE	1598457055	price	115.1201
IVE	1598457113	price	115.12
IVE	1598457113	bid	115.11
IVE	1598457119	bid	115.12
IVE	1598457194	price	115.14
IVE	1598457194	bid	115.13
IVE	1598457194	ask	115.15
IVE	1598457194	price	115.1399
IVE	1598457270	price	115.13
IVE	1598457270	bid	115.11
IVE	1598457270	ask	115.13
IVE	1598457414	price	115.09
IVE	1598457414	bid	115.09
IVE	1598457414	ask	115.12
IVE	1598457497	price	115.0901
IVE	1598457497	ask	115.11
IVE	1598457549	price	115.105
IVE	1598457549	ask	115.12
IVE	1598457603	price	115.12
IVE	1598457603	bid	115.11
IVE	1598457606	bid	115.12
IVE	1598457606	ask	115.13
IVE	1598457608	price	115.13
IVE	1598457608	bid	115.13
IVE	1598457608	ask	115.14
IVE	1598457615	price	115.15
IVE	1598457615	bid	115.15
IVE	1598457615	ask	115.16
IVE	1598457616	price	115.17
IVE	1598457616	bid	115.17
IVE	1598457616	ask	115.18
IVE	1598457618	price	115.18
IVE	1598457618	bid	115.16
IVE	1598457623	price	115.1632
IVE	1598457623	bid	115.15
IVE	1598457623	ask	115.17
IVE	1598457635	price	115.18
IVE	1598457635	bid	115.17
IVE	1598457635	ask	115.19
IVE	1598457713	price	115.17
IVE	1598457713	bid	115.16
IVE	1598457713	ask	115.17
IVE	1598457719	bid	115.17
IVE	1598457719	ask	115.18
IVE	1598457719	price	115.18
IVE	1598457719	bid	115.18
IVE	1598457719	ask	115.19
IVE	1598457744	price	115.2
IVE	1598457744	bid	115.2
IVE	1598457744	ask	115.21
IVE	1598457745	bid	115.19
IVE	1598457745	ask	115.2
IVE	1598457747	price	115.19
IVE	1598457749	price	115.2
IVE	1598457754	price	115.19
IVE	1598457754	bid	115.18
IVE	1598457754	ask	115.19
IVE	1598457759	bid	115.17
IVE	1598457783	price	115.16
IVE	1598457783	bid	115.16
IVE	1598457783	ask	115.17
IVE	1598457864	price	115.1512
IVE	1598457864	bid	115.15
IVE	1598457876	price	115.16
IVE	1598457876	bid	115.16
IVE	1598457879	price	115.17
IVE	1598457879	bid	115.17
IVE	1598457879	ask	115.18
IVE	1598457881	price	115.18
IVE	1598457891	price	115.17
IVE	1598457891	bid	115.16
IVE	1598457891	ask	115.17
IVE	1598457909	price	115.18
IVE	1598457909	ask	115.18
IVE	1598457946	price	115.2
IVE	1598457946	bid	115.2
IVE	1598457946	ask	115.21
IVE	1598457952	price	115.19
IVE	1598457952	bid	115.19
IVE	1598457952	ask	115.2
IVE	1598457971	price	115.2
IVE	1598457971	bid	115.2
IVE	1598457971	ask	115.21
IVE	1598457977	price	115.23
IVE	1598457977	bid	115.23
IVE	1598457977	ask	115.24
IVE	1598457994	price	115.24
IVE	1598457994	ask	115.25
IVE	1598457994	price	115.25
IVE	1598457994	price	115.26
IVE	1598457994	bid	115.25
IVE	1598457994	ask	115.26
IVE	1598457997	price	115.25
IVE	1598457997	bid	115.24
IVE	1598457997	ask	115.25
IVE	1598457997	price	115.245
IVE	1598457997	price	115.25
IVE	1598458024	price	115.24
IVE	1598458035	price	115.248
IVE	1598458055	price	115.24
IVE	1598458055	bid	115.23
IVE	1598458069	price	115.25
IVE	1598458069	bid	115.24
IVE	1598458094	price	115.23
IVE	1598458094	bid	115.22
IVE	1598458094	ask	115.24
IVE	1598458116	price	115.245
IVE	1598458116	bid	115.25
IVE	1598458116	ask	115.26
IVE	1598458116	price	115.25
IVE	1598458123	price	115.26
IVE	1598458123	bid	115.24
IVE	1598458123	bid	115.25
IVE	1598458134	price	115.2544
IVE	1598458134	ask	115.27
IVE	1598458141	price	115.26
IVE	1598458141	ask	115.26
IVE	1598458154	ask	115.27
IVE	1598458155	price	115.27
IVE	1598458155	bid	115.27
IVE	1598458155	ask	115.28
IVE	1598458172	price	115.26
IVE	1598458172	bid	115.25
IVE	1598458172	ask	115.26
IVE	1598458207	price	115.25
IVE	1598458207	bid	115.24
IVE	1598458207	ask	115.25
IVE	1598458207	price	115.24
IVE	1598458222	price	115.26
IVE	1598458222	bid	115.26
IVE	1598458222	ask	115.27
IVE	1598458286	price	115.25
IVE	1598458286	bid	115.23
IVE	1598458286	ask	115.25
IVE	1598458303	price	115.24
IVE	1598458353	price	115.23
IVE	1598458353	bid	115.22
IVE	1598458353	ask	115.24
IVE	1598458364	price	115.231
IVE	1598458364	bid	115.23
IVE	1598458364	ask	115.25
IVE	1598458364	price	115.23
IVE	1598458480	bid	115.22
IVE	1598458480	ask	115.23
IVE	1598458548	price	115.219
IVE	1598458548	bid	115.2
IVE	1598458548	ask	115.22
IVE	1598458576	price	115.2023
IVE	1598458632	price	115.23
IVE	1598458632	bid	115.22
IVE	1598458632	ask	115.24
IVE	1598458671	price	115.24
IVE	1598458671	bid	115.23
IVE	1598458679	price	115.23
IVE	1598458679	bid	115.22
IVE	1598458679	ask	115.23
IVE	1598458690	price	115.231
IVE	1598458690	bid	115.23
IVE	1598458690	ask	115.24
IVE	1598458693	price	115.24
IVE	1598458693	bid	115.24
IVE	1598458693	ask	115.25
IVE	1598458693	bid	115.23
IVE	1598458693	ask	115.24
IVE	1598458695	price	115.25
IVE	1598458695	bid	115.24
IVE	1598458695	ask	115.25
IVE	1598458722	price	115.245
IVE	1598458722	price	115.25
IVE	1598458828	price	115.28
IVE	1598458828	bid	115.27
IVE	1598458828	ask	115.29
IVE	1598458841	price	115.29
IVE	1598458841	bid	115.28
IVE	1598458899	price	115.27
IVE	1598458899	bid	115.26
IVE	1598458899	ask	115.28
IVE	1598458972	price	115.275
IVE	1598458972	bid	115.27
IVE	1598458988	price	115.2819
IVE	1598458988	ask	115.29
IVE	1598459034	price	115.28
IVE	1598459034	bid	115.28
IVE	1598459036	bid	115.27
IVE	1598459036	ask	115.28
IVE	1598459081	bid	115.28
IVE	1598459081	ask	115.29
IVE	1598459101	price	115.285
IVE	1598459107	price	115.29
IVE	1598459107	bid	115.29
IVE	1598459107	ask	115.3
IVE	1598459134	price	115.271
IVE	1598459134	bid	115.27
IVE	1598459134	ask	115.28
IVE	1598459144	price	115.27
IVE	1598459144	bid	115.26
IVE	1598459146	price	115.28
IVE	1598459146	bid	115.27
IVE	1598459149	bid	115.28
IVE	1598459149	ask	115.29
IVE	1598459164	price	115.27
IVE	1598459164	bid	115.26
IVE	1598459164	ask	115.28
IVE	1598459184	ask	115.27
IVE	1598459185	price	115.26
IVE	1598459185	bid	115.25
IVE	1598459185	ask	115.26
IVE	1598459267	price	115.25
IVE	1598459267	bid	115.24
IVE	1598459267	ask	115.25
IVE	1598459285	price	115.259
IVE	1598459285	bid	115.25
IVE	1598459285	ask	115.26
IVE	1598459287	price	115.2477
IVE	1598459287	bid	115.24
IVE	1598459287	ask	115.25
IVE	1598459290	price	115.25
IVE	1598459290	bid	115.25
IVE	1598459290	ask	115.26
IVE	1598459306	price	115.259
IVE	1598459306	bid	115.24
IVE	1598459336	price	115.24
IVE	1598459336	bid	115.23
IVE	1598459336	ask	115.24
IVE	1598459343	price	115.25
IVE	1598459343	bid	115.24
IVE	1598459343	ask	115.25
IVE	1598459419	price	115.23
IVE	1598459419	bid	115.23
IVE	1598459419	ask	115.24
IVE	1598459478	price	115.21
IVE	1598459478	bid	115.21
IVE	1598459478	ask	115.22
IVE	1598459532	price	115.2093
IVE	1598459532	bid	115.19
IVE	1598459532	ask	115.21
IVE	1598459535	price	115.2
IVE	1598459590	price	115.1887
IVE	1598459590	bid	115.18
IVE	1598459590	ask	115.19
IVE	1598459607	price	115.2
IVE	1598459607	bid	115.2
IVE	1598459607	ask	115.21
IVE	1598459614	price	115.22
IVE	1598459614	bid	115.21
IVE	1598459614	ask	115.22
IVE	1598459623	price	115.23
IVE	1598459623	bid	115.22
IVE	1598459623	ask	115.23
IVE	1598459623	price	115.22
IVE	1598459623	price	115.23
IVE	1598459627	price	115.2229
IVE	1598459627	bid	115.21
IVE	1598459636	price	115.22
IVE	1598459636	bid	115.22
IVE	1598459643	price	115.23
IVE	1598459644	bid	115.23
IVE	1598459644	ask	115.24
IVE	1598459646	price	115.22
IVE	1598459646	bid	115.22
IVE	1598459646	ask	115.23
IVE	1598459647	price	115.23
IVE	1598459647	bid	115.23
IVE	1598459647	ask	115.24
IVE	1598459647	bid	115.22
IVE	1598459647	ask	115.23
IVE	1598459680	bid	115.21
IVE	1598459760	price	115.21
IVE	1598459760	ask	115.22
IVE	1598459785	price	115.2
IVE	1598459785	bid	115.19
IVE	1598459785	ask	115.21
IVE	1598459804	price	115.2053
IVE	1598459804	bid	115.2
IVE	1598459838	price	115.21
IVE	1598459838	bid	115.21
IVE	1598459838	ask	115.22
IVE	1598459868	price	115.2
IVE	1598459868	bid	115.2
IVE	1598459872	price	115.21
IVE	1598459872	ask	115.21
IVE	1598459918	price	115.2
IVE	1598459918	bid	115.19
IVE	1598459943	price	115.21
IVE	1598459943	bid	115.21
IVE	1598459943	ask	115.22
IVE	1598459946	price	115.22
IVE	1598459946	bid	115.22
IVE	1598459946	ask	115.23
IVE	1598459966	price	115.23
IVE	1598459966	bid	115.23
IVE	1598459966	ask	115.24
IVE	1598460021	price	115.22
IVE	1598460021	bid	115.22
IVE	1598460031	price	115.23
IVE	1598460031	bid	115.23
IVE	1598460032	bid	115.22
IVE	1598460070	price	115.24
IVE	1598460070	bid	115.23
IVE	1598460070	bid	115.24
IVE	1598460070	ask	115.25
IVE	1598460070	price	115.25
IVE	1598460095	price	115.28
IVE	1598460095	bid	115.27
IVE	1598460095	ask	115.28
IVE	1598460097	bid	115.28
IVE	1598460097	ask	115.29
IVE	1598460097	bid	115.27
IVE	1598460097	ask	115.28
IVE	1598460119	price	115.29
IVE	1598460119	bid	115.29
IVE	1598460119	ask	115.3
IVE	1598460147	price	115.3
IVE	1598460147	bid	115.3
IVE	1598460147	ask	115.31
IVE	1598460148	price	115.3001
IVE	1598460149	price	115.31
IVE	1598460178	price	115.3
IVE	1598460178	bid	115.29
IVE	1598460178	ask	115.3
IVE	1598460211	price	115.28
IVE	1598460211	bid	115.28
IVE	1598460211	ask	115.29
IVE	1598460214	price	115.27
IVE	1598460243	price	115.28
IVE	1598460243	bid	115.27
IVE	1598460243	ask	115.28
IVE	1598460253	bid	115.28
IVE	1598460253	ask	115.29
IVE	1598460262	price	115.29
IVE	1598460262	bid	115.29
IVE	1598460262	ask	115.3
IVE	1598460271	price	115.3
IVE	1598460299	price	115.31
IVE	1598460299	ask	115.31
IVE	1598460324	price	115.3
IVE	1598460324	ask	115.3
IVE	1598460324	bid	115.3
IVE	1598460324	ask	115.31
IVE	1598460330	price	115.31
IVE	1598460376	price	115.3
IVE	1598460376	bid	115.29
IVE	1598460389	price	115.31
IVE	1598460389	bid	115.3
IVE	1598460389	ask	115.32
IVE	1598460395	ask	115.31
IVE	1598460425	price	115.33
IVE	1598460425	bid	115.33
IVE	1598460425	ask	115.34
IVE	1598460446	price	115.34
IVE	1598460446	bid	115.34
IVE	1598460446	ask	115.35
IVE	1598460515	price	115.36
IVE	1598460515	bid	115.36
IVE	1598460515	ask	115.37
IVE	1598460544	price	115.38
IVE	1598460544	bid	115.37
IVE	1598460544	ask	115.39
IVE	1598460562	price	115.3726
IVE	1598460562	bid	115.36
IVE	1598460562	ask	115.38
IVE	1598460587	price	115.37
IVE	1598460650	bid	115.37
IVE	1598460659	price	115.3701
IVE	1598460659	ask	115.39
IVE	1598460675	price	115.38
IVE	1598460675	ask	115.38
IVE	1598460689	price	115.3891
IVE	1598460689	ask	115.39
IVE	1598460742	price	115.38
IVE	1598460792	price	115.39
IVE	1598460792	bid	115.38
IVE	1598460792	ask	115.4
IVE	1598460802	price	115.4
IVE	1598460802	bid	115.39
IVE	1598460851	price	115.42
IVE	1598460851	bid	115.41
IVE	1598460851	ask	115.42
IVE	1598460856	price	115.41
IVE	1598460857	price	115.42
IVE	1598460857	ask	115.43
IVE	1598460867	ask	115.42
IVE	1598461006	price	115.38
IVE	1598461006	bid	115.38
IVE	1598461006	ask	115.39
IVE	1598461012	price	115.387
IVE	1598461012	ask	115.4
IVE	1598461045	price	115.385
IVE	1598461045	ask	115.39
IVE	1598461056	price	115.389
IVE	1598461056	price	115.385
IVE	1598461123	price	115.4
IVE	1598461123	bid	115.4
IVE	1598461123	ask	115.41
IVE	1598461123	price	115.41
IVE	1598461126	ask	115.42
IVE	1598461155	price	115.4
IVE	1598461155	bid	115.39
IVE	1598461155	ask	115.4
IVE	1598461322	price	115.409
IVE	1598461322	bid	115.4
IVE	1598461322	ask	115.41
IVE	1598461366	price	115.395
IVE	1598461366	bid	115.39
IVE	1598461366	ask	115.4
IVE	1598461387	price	115.42
IVE	1598461387	bid	115.42
IVE	1598461387	ask	115.43
IVE	1598461390	bid	115.41
IVE	1598461401	price	115.43
IVE	1598461401	bid	115.43
IVE	1598461401	ask	115.44
IVE	1598461417	bid	115.42
IVE	1598461417	ask	115.43
IVE	1598461436	price	115.4453
IVE	1598461436	bid	115.44
IVE	1598461436	ask	115.46
IVE	1598461467	price	115.43
IVE	1598461467	bid	115.42
IVE	1598461467	ask	115.43
IVE	1598461495	bid	115.41
IVE	1598461682	price	115.42
IVE	1598461682	ask	115.42
IVE	1598461690	ask	115.43
IVE	1598461697	price	115.41
IVE	1598461697	bid	115.4
IVE	1598461697	ask	115.41
IVE	1598461717	price	115.4
IVE	1598461717	bid	115.39
IVE	1598461717	ask	115.4
IVE	1598461754	price	115.41
IVE	1598461754	bid	115.4
IVE	1598461754	ask	115.42
IVE	1598461803	price	115.4108
IVE	1598461803	bid	115.41
IVE	1598461803	ask	115.43
IVE	1598461838	price	115.42
IVE	1598461838	ask	115.42
IVE	1598461851	price	115.4
IVE	1598461851	bid	115.4
IVE	1598461851	ask	115.41
IVE	1598461858	price	115.3859
IVE	1598461858	bid	115.38
IVE	1598461858	ask	115.4
IVE	1598461918	price	115.38
IVE	1598461918	ask	115.39
IVE	1598461920	price	115.39
IVE	1598461920	bid	115.39
IVE	1598461920	ask	115.4
IVE	1598461983	price	115.4
IVE	1598461983	bid	115.38
IVE	1598461999	price	115.38
IVE	1598461999	bid	115.37
IVE	1598461999	ask	115.38
IVE	1598462043	price	115.37
IVE	1598462108	price	115.35
IVE	1598462108	bid	115.35
IVE	1598462108	ask	115.36
IVE	1598462179	price	115.37
IVE	1598462179	bid	115.37
IVE	1598462179	ask	115.38
IVE	1598462206	price	115.36
IVE	1598462206	bid	115.35
IVE	1598462206	ask	115.37
IVE	1598462215	price	115.37
IVE	1598462215	bid	115.37
IVE	1598462215	ask	115.38
IVE	1598462218	bid	115.36
IVE	1598462222	price	115.365
IVE	1598462230	price	115.3645
IVE	1598462230	ask	115.37
IVE	1598462366	price	115.36
IVE	1598462465	price	115.34
IVE	1598462465	bid	115.34
IVE	1598462465	ask	115.35
IVE	1598462488	price	115.35
IVE	1598462499	price	115.34
IVE	1598462500	price	115.35
IVE	1598462514	price	115.34
IVE	1598462514	bid	115.33
IVE	1598462551	price	115.33
IVE	1598462551	ask	115.34
IVE	1598462556	bid	115.31
IVE	1598462556	ask	115.33
IVE	1598462564	price	115.32
IVE	1598462564	bid	115.3
IVE	1598462564	ask	115.32
IVE	1598462649	price	115.33
IVE	1598462649	bid	115.33
IVE	1598462649	ask	115.34
IVE	1598462672	price	115.3344
IVE	1598462697	price	115.3157
IVE	1598462697	bid	115.3
IVE	1598462697	ask	115.32
IVE	1598462720	price	115.31
IVE	1598462774	price	115.32
IVE	1598462774	bid	115.32
IVE	1598462774	ask	115.33
IVE	1598462876	price	115.3
IVE	1598462876	bid	115.29
IVE	1598462876	ask	115.3
IVE	1598462888	ask	115.31
IVE	1598462888	price	115.2992
IVE	1598462888	ask	115.3
IVE	1598462890	price	115.29
IVE	1598462890	price	115.3
IVE	1598462890	bid	115.3
IVE	1598462890	ask	115.31
IVE	1598462896	price	115.2901
IVE	1598462896	bid	115.29
IVE	1598462909	price	115.3
IVE	1598462909	bid	115.3
IVE	1598462985	price	115.32
IVE	1598462985	bid	115.31
IVE	1598462985	ask	115.32
IVE	1598462985	price	115.31
IVE	1598462986	ask	115.33
IVE	1598462999	bid	115.3
IVE	1598462999	ask	115.32
IVE	1598463004	bid	115.31
IVE	1598463012	bid	115.3
IVE	1598463012	ask	115.31
IVE	1598463041	bid	115.31
IVE	1598463041	ask	115.32
IVE	1598463074	price	115.3
IVE	1598463074	bid	115.3
IVE	1598463074	ask	115.31
IVE	1598463077	price	115.31
IVE	1598463077	bid	115.31
IVE	1598463077	ask	115.32
IVE	1598463081	price	115.32
IVE	1598463081	bid	115.32
IVE	1598463081	ask	115.33
IVE	1598463094	price	115.3201
IVE	1598463094	price	115.3236
IVE	1598463097	price	115.31
IVE	1598463097	bid	115.3
IVE	1598463097	ask	115.31
IVE	1598463122	ask	115.32
IVE	1598463142	price	115.3063
IVE	1598463142	price	115.3005
IVE	1598463142	price	115.3055
IVE	1598463142	price	115.305
IVE	1598463228	price	115.3
IVE	1598463228	ask	115.31
IVE	1598463248	price	115.305
IVE	1598463262	price	115.3088
IVE	1598463262	price	115.31
IVE	1598463262	bid	115.31
IVE	1598463262	ask	115.32
IVE	1598463271	price	115.327
IVE	1598463271	ask	115.33
IVE	1598463275	price	115.33
IVE	1598463275	bid	115.33
IVE	1598463275	ask	115.34
IVE	1598463276	price	115.34
IVE	1598463320	price	115.32
IVE	1598463320	bid	115.31
IVE	1598463320	ask	115.32
IVE	1598463348	price	115.33
IVE	1598463348	bid	115.32
IVE	1598463348	ask	115.33
IVE	1598463429	price	115.35
IVE	1598463429	bid	115.35
IVE	1598463429	ask	115.36
IVE	1598463429	price	115.358
IVE	1598463441	price	115.34
IVE	1598463441	bid	115.34
IVE	1598463441	ask	115.35
IVE	1598463450	price	115.36
IVE	1598463450	bid	115.35
IVE	1598463450	ask	115.36
IVE	1598463451	bid	115.36
IVE	1598463451	ask	115.37
IVE	1598463454	price	115.3631
IVE	1598463482	price	115.3698
IVE	1598463588	price	115.3756
IVE	1598463588	bid	115.37
IVE	1598463588	ask	115.38
IVE	1598463598	price	115.3737
IVE	1598463602	price	115.37
IVE	1598463602	bid	115.36
IVE	1598463602	ask	115.37
IVE	1598463612	price	115.3599
IVE	1598463612	bid	115.34
IVE	1598463612	ask	115.36
IVE	1598463612	price	115.36
IVE	1598463642	price	115.35
IVE	1598463647	price	115.33
IVE	1598463647	bid	115.33
IVE	1598463647	ask	115.35
IVE	1598463708	price	115.315
IVE	1598463708	bid	115.31
IVE	1598463708	ask	115.32
IVE	1598463732	price	115.32
IVE	1598463774	price	115.3333
IVE	1598463774	bid	115.33
IVE	1598463774	ask	115.34
IVE	1598463803	price	115.3399
IVE	1598463803	bid	115.32
IVE	1598463825	price	115.32
IVE	1598463825	bid	115.31
IVE	1598463825	ask	115.32
IVE	1598463828	price	115.31
IVE	1598463828	bid	115.3
IVE	1598463828	ask	115.31
IVE	1598463859	price	115.32
IVE	1598463859	bid	115.31
IVE	1598463859	ask	115.32
IVE	1598463921	ask	115.33
IVE	1598463946	price	115.3295
IVE	1598463946	bid	115.32
IVE	1598463946	price	115.3299
IVE	1598463971	price	115.32
IVE	1598463971	bid	115.31
IVE	1598463971	ask	115.32
IVE	1598464022	bid	115.3
IVE	1598464179	bid	115.32
IVE	1598464179	ask	115.33
IVE	1598464211	price	115.33
IVE	1598464238	price	115.339
IVE	1598464238	bid	115.33
IVE	1598464238	ask	115.34
IVE	1598464254	price	115.33
IVE	1598464254	bid	115.32
IVE	1598464254	ask	115.33
IVE	1598464255	ask	115.34
IVE	1598464324	price	115.32
IVE	1598464324	bid	115.31
IVE	1598464324	ask	115.32
IVE	1598464330	price	115.313
IVE	1598464383	price	115.31
IVE	1598464513	price	115.27
IVE	1598464513	bid	115.27
IVE	1598464513	ask	115.29
IVE	1598464554	price	115.29
IVE	1598464554	bid	115.28
IVE	1598464554	ask	115.3
IVE	1598464554	price	115.3
IVE	1598464554	bid	115.29
IVE	1598464579	price	115.3012
IVE	1598464579	bid	115.3
IVE	1598464579	ask	115.32
IVE	1598464594	price	115.31
IVE	1598464594	ask	115.31
IVE	1598464635	bid	115.31
IVE	1598464635	ask	115.32
IVE	1598464639	price	115.3162
IVE	1598464661	price	115.3138
IVE	1598464664	price	115.31
IVE	1598464664	bid	115.3
IVE	1598464664	price	115.32
IVE	1598464691	price	115.31
IVE	1598464691	ask	115.31
IVE	1598464697	price	115.3187
IVE	1598464697	ask	115.32
IVE	1598464783	price	115.29
IVE	1598464783	bid	115.28
IVE	1598464783	ask	115.29
IVE	1598464836	price	115.2963
IVE	1598464836	ask	115.3
IVE	1598464862	price	115.3
IVE	1598464862	bid	115.31
IVE	1598464862	ask	115.32
IVE	1598464862	price	115.31
IVE	1598464862	price	115.32
IVE	1598464903	price	115.3183
IVE	1598464941	price	115.32
IVE	1598464941	bid	115.32
IVE	1598464941	ask	115.33
IVE	1598464941	price	115.325
IVE	1598464971	price	115.36
IVE	1598464971	bid	115.35
IVE	1598464971	ask	115.38
IVE	1598464981	price	115.38
IVE	1598464981	bid	115.36
IVE	1598464981	price	115.39
IVE	1598464981	price	115.38
IVE	1598464981	price	115.39
IVE	1598464981	bid	115.37
IVE	1598464981	ask	115.39
IVE	1598464983	bid	115.38
IVE	1598464984	bid	115.39
IVE	1598464984	ask	115.4
IVE	1598464984	price	115.4
IVE	1598465007	price	115.39
IVE	1598465007	bid	115.37
IVE	1598465007	ask	115.39
IVE	1598465016	price	115.381
IVE	1598465024	price	115.39
IVE	1598465024	bid	115.38
IVE	1598465037	price	115.4
IVE	1598465037	bid	115.39
IVE	1598465037	ask	115.4
IVE	1598465071	bid	115.4
IVE	1598465071	ask	115.42
IVE	1598465079	price	115.41
IVE	1598465138	price	115.4
IVE	1598465138	bid	115.39
IVE	1598465138	ask	115.41
IVE	1598465240	price	115.381
IVE	1598465240	bid	115.38
IVE	1598465240	ask	115.4
IVE	1598465243	price	115.4
IVE	1598465243	bid	115.4
IVE	1598465243	ask	115.41
IVE	1598465280	price	115.425
IVE	1598465280	bid	115.41
IVE	1598465280	ask	115.43
IVE	1598465344	price	115.45
IVE	1598465344	bid	115.44
IVE	1598465344	ask	115.46
IVE	1598465359	price	115.43
IVE	1598465359	bid	115.42
IVE	1598465359	ask	115.44
IVE	1598465430	price	115.431
IVE	1598465430	bid	115.43
IVE	1598465430	ask	115.45
IVE	1598465485	price	115.43
IVE	1598465485	bid	115.42
IVE	1598465485	ask	115.43
IVE	1598465502	bid	115.43
IVE	1598465502	ask	115.44
IVE	1598465510	bid	115.42
IVE	1598465519	price	115.412
IVE	1598465519	bid	115.41
IVE	1598465519	ask	115.43
IVE	1598465561	price	115.43
IVE	1598465561	bid	115.42
IVE	1598465561	ask	115.44
IVE	1598465561	price	115.422
IVE	1598465573	price	115.42
IVE	1598465573	bid	115.41
IVE	1598465573	ask	115.42
IVE	1598465576	price	115.41
IVE	1598465576	bid	115.4
IVE	1598465576	ask	115.41
IVE	1598465586	price	115.401
IVE	1598465586	price	115.41
IVE	1598465603	bid	115.41
IVE	1598465603	ask	115.42
IVE	1598465603	price	115.412
IVE	1598465616	price	115.42
IVE	1598465616	bid	115.42
IVE	1598465616	ask	115.44
IVE	1598465750	price	115.46
IVE	1598465750	bid	115.45
IVE	1598465750	ask	115.46
IVE	1598465865	price	115.4634
IVE	1598465865	ask	115.47
IVE	1598465882	price	115.45
IVE	1598465882	bid	115.44
IVE	1598465882	ask	115.46
IVE	1598465931	price	115.479
IVE	1598465931	bid	115.47
IVE	1598465931	ask	115.49
IVE	1598465993	price	115.5
IVE	1598465993	bid	115.5
IVE	1598465993	ask	115.52
IVE	1598465998	price	115.514
IVE	1598466007	price	115.52
IVE	1598466022	bid	115.51
IVE	1598466051	price	115.53
IVE	1598466051	bid	115.52
IVE	1598466051	ask	115.53
IVE	1598466083	price	115.52
IVE	1598466083	ask	115.54
IVE	1598466085	ask	115.53
IVE	1598466086	price	115.53
IVE	1598466090	ask	115.54
IVE	1598466141	price	115.54
IVE	1598466141	bid	115.54
IVE	1598466141	ask	115.55
IVE	1598466178	price	115.5625
IVE	1598466178	bid	115.56
IVE	1598466178	ask	115.57
IVE	1598466202	price	115.56
IVE	1598466202	bid	115.55
IVE	1598466286	price	115.6
IVE	1598466286	bid	115.59
IVE	1598466286	ask	115.61
IVE	1598466336	price	115.61
IVE	1598466336	bid	115.6
IVE	1598466336	ask	115.62
IVE	1598466354	price	115.6
IVE	1598466354	bid	115.59
IVE	1598466354	ask	115.6
IVE	1598466383	price	115.61
IVE	1598466383	bid	115.61
IVE	1598466383	ask	115.62
IVE	1598466383	price	115.6
IVE	1598466383	bid	115.6
IVE	1598466383	ask	115.61
IVE	1598466383	bid	115.59
IVE	1598466383	ask	115.6
IVE	1598466453	price	115.59
IVE	1598466472	bid	115.58
IVE	1598466472	ask	115.59
IVE	1598466519	price	115.58
IVE	1598466519	ask	115.6
IVE	1598466529	price	115.5824
IVE	1598466529	bid	115.57
IVE	1598466529	ask	115.59
IVE	1598466533	price	115.57
IVE	1598466533	ask	115.58
IVE	1598466756	price	115.6089
IVE	1598466756	bid	115.6
IVE	1598466756	ask	115.62
IVE	1598466833	price	115.5301
IVE	1598466833	bid	115.53
IVE	1598466833	ask	115.56
IVE	1598466860	price	115.55
IVE	1598466860	ask	115.55
IVE	1598466864	price	115.53
IVE	1598466864	bid	115.52
IVE	1598466864	ask	115.53
IVE	1598466877	price	115.5201
IVE	1598466877	price	115.52
IVE	1598466889	price	115.5253
IVE	1598466889	ask	115.54
IVE	1598466955	price	115.55
IVE	1598466955	bid	115.55
IVE	1598466955	ask	115.56
IVE	1598467009	price	115.49
IVE	1598467009	bid	115.49
IVE	1598467009	ask	115.51
IVE	1598467050	price	115.48
IVE	1598467050	bid	115.47
IVE	1598467050	ask	115.48
IVE	1598467081	price	115.4797
IVE	1598467081	bid	115.46
IVE	1598467127	price	115.5
IVE	1598467127	bid	115.5
IVE	1598467127	ask	115.52
IVE	1598467140	bid	115.49
IVE	1598467140	ask	115.5
IVE	1598467143	ask	115.51
IVE	1598467178	ask	115.5
IVE	1598467178	price	115.51
IVE	1598467178	price	115.52
IVE	1598467178	bid	115.5
IVE	1598467178	ask	115.51
IVE	1598467178	price	115.51
IVE	1598467178	bid	115.51
IVE	1598467178	ask	115.52
IVE	1598467179	bid	115.5
IVE	1598467190	price	115.52
IVE	1598467190	bid	115.51
IVE	1598467204	ask	115.53
IVE	1598467214	price	115.53
IVE	1598467214	bid	115.52
IVE	1598467214	ask	115.54
IVE	1598467224	price	115.55
IVE	1598467224	bid	115.54
IVE	1598467224	ask	115.55
IVE	1598467224	bid	115.55
IVE	1598467224	ask	115.57
IVE	1598467228	price	115.548
IVE	1598467228	bid	115.54
IVE	1598467228	ask	115.56
IVE	1598467255	price	115.5401
IVE	1598467276	price	115.56
IVE	1598467276	bid	115.55
IVE	1598467357	price	115.52
IVE	1598467357	bid	115.51
IVE	1598467357	ask	115.52
IVE	1598467389	price	115.5
IVE	1598467389	bid	115.48
IVE	1598467389	ask	115.51
IVE	1598467415	bid	115.5
IVE	1598467421	price	115.51
IVE	1598467446	price	115.48
IVE	1598467446	bid	115.47
IVE	1598467446	ask	115.49
IVE	1598467479	bid	115.48
IVE	1598467484	price	115.49
IVE	1598467484	bid	115.49
IVE	1598467484	ask	115.5
IVE	1598467500	price	115.48
IVE	1598467500	bid	115.48
IVE	1598467500	ask	115.49
IVE	1598467504	price	115.49
IVE	1598467504	bid	115.49
IVE	1598467504	ask	115.5
IVE	1598467508	price	115.5
IVE	1598467508	bid	115.5
IVE	1598467516	price	115.51
IVE	1598467516	ask	115.51
IVE	1598467525	price	115.52
IVE	1598467525	bid	115.52
IVE	1598467525	ask	115.53
IVE	1598467542	bid	115.51
IVE	1598467542	ask	115.52
IVE	1598467543	ask	115.53
IVE	1598467567	price	115.51
IVE	1598467567	ask	115.52
IVE	1598467573	bid	115.5
IVE	1598467573	ask	115.51
IVE	1598467597	price	115.49
IVE	1598467597	bid	115.48
IVE	1598467597	ask	115.49
IVE	1598467606	price	115.51
IVE	1598467606	bid	115.5
IVE	1598467606	ask	115.53
IVE	1598467615	price	115.5
IVE	1598467615	bid	115.49
IVE	1598467615	ask	115.5
IVE	1598467631	price	115.46
IVE	1598467631	bid	115.45
IVE	1598467631	ask	115.47
IVE	1598467692	price	115.5066
IVE	1598467692	bid	115.51
IVE	1598467692	ask	115.53
IVE	1598467702	price	115.53
IVE	1598467702	bid	115.52
IVE	1598467704	price	115.5306
IVE	1598467704	ask	115.55
IVE	1598467732	price	115.512
IVE	1598467732	bid	115.51
IVE	1598467732	ask	115.53
IVE	1598467732	price	115.53
IVE	1598467804	price	115.49
IVE	1598467804	bid	115.47
IVE	1598467804	ask	115.49
IVE	1598467856	price	115.56
IVE	1598467856	bid	115.56
IVE	1598467856	ask	115.57
IVE	1598467863	bid	115.55
IVE	1598467863	ask	115.56
IVE	1598467937	price	115.58
IVE	1598467937	bid	115.57
IVE	1598467937	ask	115.6
IVE	1598467971	price	115.6
IVE	1598467971	bid	115.59
IVE	1598467974	bid	115.6
IVE	1598467974	ask	115.62
IVE	1598467977	bid	115.59
IVE	1598467977	ask	115.6
IVE	1598468020	price	115.5567
IVE	1598468020	bid	115.55
IVE	1598468020	ask	115.56
IVE	1598468025	price	115.58
IVE	1598468025	bid	115.58
IVE	1598468025	ask	115.59
IVE	1598468038	bid	115.57
IVE	1598468064	price	115.57
IVE	1598468064	ask	115.58
IVE	1598468093	price	115.58
IVE	1598468111	price	115.56
IVE	1598468111	bid	115.55
IVE	1598468111	ask	115.56
IVE	1598468112	ask	115.57
IVE	1598468125	price	115.55
IVE	1598468125	bid	115.54
IVE	1598468125	ask	115.56
IVE	1598468144	price	115.56
IVE	1598468144	bid	115.56
IVE	1598468144	ask	115.57
IVE	1598468150	price	115.54
IVE	1598468150	bid	115.53
IVE	1598468150	ask	115.54
IVE	1598468150	price	115.55
IVE	1598468150	bid	115.54
IVE	1598468150	ask	115.56
IVE	1598468164	price	115.57
IVE	1598468164	bid	115.56
IVE	1598468164	ask	115.58
IVE	1598468166	price	115.5701
IVE	1598468166	bid	115.57
IVE	1598468166	ask	115.59
IVE	1598468170	price	115.59
IVE	1598468170	bid	115.58
IVE	1598468170	ask	115.6
IVE	1598468173	price	115.58
IVE	1598468173	bid	115.57
IVE	1598468173	ask	115.58
IVE	1598468173	ask	115.59
IVE	1598468179	price	115.57
IVE	1598468179	ask	115.57
IVE	1598468235	price	115.54
IVE	1598468235	bid	115.53
IVE	1598468235	ask	115.54
IVE	1598468246	price	115.52
IVE	1598468246	bid	115.51
IVE	1598468246	ask	115.53
IVE	1598468254	price	115.51
IVE	1598468256	price	115.53
IVE	1598468256	bid	115.52
IVE	1598468256	ask	115.54
IVE	1598468273	price	115.55
IVE	1598468273	bid	115.54
IVE	1598468273	ask	115.55
IVE	1598468274	ask	115.56
IVE	1598468276	ask	115.55
IVE	1598468276	bid	115.55
IVE	1598468276	ask	115.56
IVE	1598468277	price	115.56
IVE	1598468277	bid	115.56
IVE	1598468277	ask	115.57
IVE	1598468280	bid	115.55
IVE	1598468280	ask	115.56
IVE	1598468280	bid	115.56
IVE	1598468280	ask	115.57
IVE	1598468281	price	115.55
IVE	1598468281	bid	115.55
IVE	1598468289	price	115.54
IVE	1598468289	bid	115.53
IVE	1598468289	ask	115.55
IVE	1598468296	price	115.5301
IVE	1598468296	price	115.53
IVE	1598468296	price	115.55
IVE	1598468296	bid	115.54
IVE	1598468296	price	115.54
IVE	1598468296	bid	115.53
IVE	1598468298	price	115.53
IVE	1598468298	bid	115.52
IVE	1598468298	ask	115.54
IVE	1598468298	price	115.52
IVE	1598468298	bid	115.53
IVE	1598468298	ask	115.55
IVE	1598468301	price	115.55
IVE	1598468301	bid	115.55
IVE	1598468301	ask	115.56
IVE	1598468301	price	115.54
IVE	1598468301	bid	115.53
IVE	1598468301	ask	115.54
IVE	1598468301	bid	115.54
IVE	1598468301	ask	115.55
IVE	1598468304	price	115.53
IVE	1598468304	bid	115.52
IVE	1598468304	ask	115.53
IVE	1598468308	price	115.531
IVE	1598468308	bid	115.53
IVE	1598468308	ask	115.54
IVE	1598468308	price	115.53
IVE	1598468312	price	115.5347
IVE	1598468312	ask	115.55
IVE	1598468317	price	115.54
IVE	1598468317	ask	115.54
IVE	1598468332	price	115.538
IVE	1598468332	price	115.53
IVE	1598468332	bid	115.52
IVE	1598468332	ask	115.53
IVE	1598468334	ask	115.54
IVE	1598468342	ask	115.53
IVE	1598468347	price	115.54
IVE	1598468347	bid	115.54
IVE	1598468347	ask	115.55
IVE	1598468349	price	115.545
IVE	1598468365	price	115.55
IVE	1598468366	price	115.54
IVE	1598468366	bid	115.53
IVE	1598468366	ask	115.54
IVE	1598468367	price	115.53
IVE	1598468369	price	115.52
IVE	1598468369	bid	115.51
IVE	1598468369	ask	115.52
IVE	1598468370	price	115.53
IVE	1598468370	bid	115.52
IVE	1598468370	ask	115.53
IVE	1598468373	price	115.52
IVE	1598468373	bid	115.51
IVE	1598468373	ask	115.52
IVE	1598468413	price	115.49
IVE	1598468413	bid	115.48
IVE	1598468413	ask	115.49
IVE	1598468413	price	115.489
IVE	1598468415	price	115.48
IVE	1598468415	bid	115.47
IVE	1598468415	ask	115.48
IVE	1598468432	price	115.47
IVE	1598468432	bid	115.46
IVE	1598468432	ask	115.47
IVE	1598468449	price	115.4701
IVE	1598468449	bid	115.47
IVE	1598468449	ask	115.48
IVE	1598468453	price	115.48
IVE	1598468457	price	115.47
IVE	1598468457	bid	115.46
IVE	1598468457	ask	115.47
IVE	1598468461	price	115.46
IVE	1598468475	price	115.47
IVE	1598468477	price	115.48
IVE	1598468477	bid	115.48
IVE	1598468477	ask	115.49
IVE	1598468485	price	115.49
IVE	1598468485	bid	115.49
IVE	1598468485	ask	115.5
IVE	1598468510	price	115.509
IVE	1598468510	ask	115.51
IVE	1598468540	price	115.5205
IVE	1598468540	bid	115.52
IVE	1598468540	ask	115.53
IVE	1598468544	price	115.52
IVE	1598468544	bid	115.51
IVE	1598468544	ask	115.52
IVE	1598468558	price	115.539
IVE	1598468558	bid	115.53
IVE	1598468558	ask	115.54
IVE	1598468558	price	115.53
IVE	1598468558	bid	115.52
IVE	1598468558	ask	115.53
IVE	1598468599	price	115.49
IVE	1598468599	bid	115.47
IVE	1598468599	ask	115.49
IVE	1598468623	bid	115.49
IVE	1598468623	ask	115.51
IVE	1598468637	price	115.51
IVE	1598468637	bid	115.51
IVE	1598468637	ask	115.52
IVE	1598468645	price	115.5285
IVE	1598468645	bid	115.52
IVE	1598468645	ask	115.53
IVE	1598468646	price	115.53
IVE	1598468646	bid	115.53
IVE	1598468646	ask	115.54
IVE	1598468647	price	115.534
IVE	1598468647	bid	115.52
IVE	1598468678	price	115.53
IVE	1598468715	ask	115.53
IVE	1598468738	price	115.54
IVE	1598468738	bid	115.53
IVE	1598468738	ask	115.54
IVE	1598468744	bid	115.54
IVE	1598468744	ask	115.55
IVE	1598468803	price	115.55
IVE	1598468803	bid	115.55
IVE	1598468803	ask	115.56
IVE	1598468823	price	115.575
IVE	1598468823	bid	115.57
IVE	1598468823	ask	115.58
IVE	1598468854	price	115.5796
IVE	1598468878	price	115.585
IVE	1598468878	bid	115.58
IVE	1598468878	ask	115.59
IVE	1598468904	price	115.605
IVE	1598468904	bid	115.6
IVE	1598468904	ask	115.61
IVE	1598468908	price	115.61
IVE	1598468908	ask	115.62
IVE	1598468908	bid	115.61
IVE	1598468910	price	115.6
IVE	1598468910	bid	115.59
IVE	1598468910	ask	115.6
IVE	1598468926	price	115.59
IVE	1598468926	bid	115.58
IVE	1598468926	ask	115.59
IVE	1598468947	price	115.58
IVE	1598468947	bid	115.57
IVE	1598468947	price	115.5852
IVE	1598468987	price	115.59
IVE	1598468987	bid	115.58
IVE	1598468995	price	115.58
IVE	1598468995	bid	115.57
IVE	1598468995	ask	115.58
IVE	1598469099	price	115.63
IVE	1598469099	bid	115.63
IVE	1598469099	ask	115.64
IVE	1598469102	bid	115.62
IVE	1598469102	ask	115.63
IVE	1598469103	price	115.62
IVE	1598469103	bid	115.61
IVE	1598469103	ask	115.62
IVE	1598469151	price	115.64
IVE	1598469151	bid	115.63
IVE	1598469151	ask	115.64
IVE	1598469166	bid	115.64
IVE	1598469166	ask	115.65
IVE	1598469173	bid	115.63
IVE	1598469173	ask	115.64
IVE	1598469191	price	115.6
IVE	1598469191	bid	115.59
IVE	1598469191	ask	115.6
IVE	1598469212	price	115.58
IVE	1598469212	bid	115.57
IVE	1598469212	ask	115.58
IVE	1598469235	price	115.56
IVE	1598469235	bid	115.55
IVE	1598469235	ask	115.56
IVE	1598469243	price	115.57
IVE	1598469243	bid	115.57
IVE	1598469243	ask	115.58
IVE	1598469273	price	115.61
IVE	1598469273	bid	115.6
IVE	1598469273	ask	115.61
IVE	1598469284	price	115.6154
IVE	1598469284	bid	115.61
IVE	1598469284	ask	115.62
IVE	1598469285	price	115.62
IVE	1598469297	price	115.625
IVE	1598469297	bid	115.62
IVE	1598469297	ask	115.63
IVE	1598469320	price	115.62
IVE	1598469320	bid	115.61
IVE	1598469320	ask	115.62
IVE	1598469327	price	115.61
IVE	1598469332	price	115.6
IVE	1598469332	bid	115.6
IVE	1598469352	price	115.595
IVE	1598469352	bid	115.59
IVE	1598469352	ask	115.6
IVE	1598469360	price	115.59
IVE	1598469360	bid	115.58
IVE	1598469364	price	115.58
IVE	1598469378	price	115.6
IVE	1598469378	bid	115.59
IVE	1598469388	bid	115.6
IVE	1598469388	ask	115.62
IVE	1598469418	price	115.58
IVE	1598469418	bid	115.58
IVE	1598469418	ask	115.6
IVE	1598469422	price	115.59
IVE	1598469422	ask	115.59
IVE	1598469424	bid	115.59
IVE	1598469424	ask	115.6
IVE	1598469431	price	115.5922
IVE	1598469431	bid	115.58
IVE	1598469435	price	115.6
IVE	1598469435	bid	115.59
IVE	1598469435	ask	115.61
IVE	1598469479	price	115.57
IVE	1598469479	bid	115.57
IVE	1598469479	ask	115.58
IVE	1598469484	price	115.58
IVE	1598469484	ask	115.59
IVE	1598469502	price	115.549
IVE	1598469502	bid	115.54
IVE	1598469502	ask	115.56
IVE	1598469507	price	115.5502
IVE	1598469507	bid	115.55
IVE	1598469510	price	115.5501
IVE	1598469510	price	115.56
IVE	1598469515	price	115.5606
IVE	1598469515	bid	115.56
IVE	1598469515	ask	115.58
IVE	1598469525	price	115.57
IVE	1598469525	ask	115.57
IVE	1598469598	price	115.61
IVE	1598469598	bid	115.61
IVE	1598469598	ask	115.62
IVE	1598469619	price	115.5819
IVE	1598469619	bid	115.58
IVE	1598469619	ask	115.6
IVE	1598469628	price	115.59
IVE	1598469628	bid	115.59
IVE	1598469628	bid	115.58
IVE	1598469628	ask	115.59
IVE	1598469636	price	115.6
IVE	1598469636	bid	115.6
IVE	1598469636	ask	115.61
IVE	1598469642	price	115.59
IVE	1598469642	bid	115.58
IVE	1598469642	ask	115.59
IVE	1598469646	bid	115.59
IVE	1598469646	ask	115.6
IVE	1598469667	price	115.63
IVE	1598469667	bid	115.63
IVE	1598469667	ask	115.65
IVE	1598469673	price	115.64
IVE	1598469673	bid	115.64
IVE	1598469674	bid	115.63
IVE	1598469674	ask	115.64
IVE	1598469675	price	115.63
IVE	1598469693	price	115.64
IVE	1598469693	ask	115.65
IVE	1598469700	ask	115.64
IVE	1598469707	price	115.62
IVE	1598469707	bid	115.61
IVE	1598469707	ask	115.62
IVE	1598469710	price	115.63
IVE	1598469710	bid	115.62
IVE	1598469710	ask	115.64
IVE	1598469724	bid	115.63
IVE	1598469790	price	115.64
IVE	1598469821	price	115.68
IVE	1598469821	bid	115.67
IVE	1598469821	ask	115.68
IVE	1598469835	price	115.7034
IVE	1598469835	bid	115.69
IVE	1598469835	ask	115.71
IVE	1598469836	price	115.69
IVE	1598469836	bid	115.68
IVE	1598469836	ask	115.69
IVE	1598469841	price	115.68
IVE	1598469842	bid	115.67
IVE	1598469842	ask	115.68
IVE	1598469849	ask	115.69
IVE	1598469854	price	115.67
IVE	1598469854	bid	115.66
IVE	1598469854	ask	115.68
IVE	1598469886	bid	115.67
IVE	1598469903	price	115.68
IVE	1598469903	bid	115.68
IVE	1598469903	ask	115.69
IVE	1598469911	price	115.69
IVE	1598469911	ask	115.7
IVE	1598469915	price	115.68
IVE	1598469915	ask	115.69
IVE	1598469919	price	115.69
IVE	1598469957	price	115.67
IVE	1598469957	bid	115.67
IVE	1598469957	ask	115.68
IVE	1598470003	price	115.6999
IVE	1598470003	bid	115.68
IVE	1598470003	ask	115.7
IVE	1598470007	price	115.7
IVE	1598470007	bid	115.7
IVE	1598470007	ask	115.71
IVE	1598470015	bid	115.69
IVE	1598470015	ask	115.7
IVE	1598470026	price	115.69
IVE	1598470026	bid	115.68
IVE	1598470026	ask	115.69
IVE	1598470037	bid	115.69
IVE	1598470037	ask	115.7
IVE	1598470038	price	115.6903
IVE	1598470038	bid	115.68
IVE	1598470046	price	115.69
IVE	1598470046	ask	115.69
IVE	1598470050	price	115.68
IVE	1598470096	price	115.69
IVE	1598470096	ask	115.7
IVE	1598470127	bid	115.69
IVE	1598470147	price	115.6992
IVE	1598470147	ask	115.71
IVE	1598470155	price	115.695
IVE	1598470155	ask	115.7
IVE	1598470199	price	115.69
IVE	1598470199	bid	115.68
IVE	1598470199	ask	115.69
IVE	1598470213	ask	115.7
IVE	1598470264	price	115.65
IVE	1598470264	bid	115.65
IVE	1598470264	ask	115.66
IVE	1598470267	price	115.64
IVE	1598470267	bid	115.63
IVE	1598470267	ask	115.64
IVE	1598470280	price	115.65
IVE	1598470280	bid	115.65
IVE	1598470280	ask	115.66
IVE	1598470308	price	115.64
IVE	1598470308	bid	115.64
IVE	1598470308	ask	115.65
IVE	1598470330	bid	115.63
IVE	1598470330	ask	115.64
IVE	1598470345	price	115.611
IVE	1598470345	bid	115.6
IVE	1598470345	ask	115.62
IVE	1598470345	price	115.61
IVE	1598470347	ask	115.61
IVE	1598470351	price	115.6
IVE	1598470351	bid	115.58
IVE	1598470351	ask	115.6
IVE	1598470353	bid	115.59
IVE	1598470362	price	115.59
IVE	1598470362	bid	115.58
IVE	1598470362	ask	115.59
IVE	1598470384	price	115.58
IVE	1598470384	bid	115.57
IVE	1598470420	price	115.579
IVE	1598470420	ask	115.58
IVE	1598470437	price	115.56
IVE	1598470437	bid	115.55
IVE	1598470437	ask	115.56
IVE	1598470460	price	115.55
IVE	1598470460	bid	115.54
IVE	1598470460	ask	115.55
IVE	1598470509	price	115.54
IVE	1598470509	bid	115.53
IVE	1598470509	ask	115.54
IVE	1598470509	price	115.53
IVE	1598470540	price	115.56
IVE	1598470540	bid	115.55
IVE	1598470540	ask	115.57
IVE	1598470542	price	115.55
IVE	1598470542	bid	115.54
IVE	1598470542	ask	115.55
IVE	1598470550	price	115.54
IVE	1598470560	price	115.55
IVE	1598470560	bid	115.55
IVE	1598470560	ask	115.56
IVE	1598470571	bid	115.54
IVE	1598470571	ask	115.55
IVE	1598470576	price	115.5401
IVE	1598470581	price	115.549
IVE	1598470582	price	115.54
IVE	1598470582	bid	115.53
IVE	1598470582	ask	115.54
IVE	1598470590	bid	115.54
IVE	1598470590	ask	115.55
IVE	1598470598	price	115.53
IVE	1598470598	bid	115.53
IVE	1598470601	price	115.541
IVE	1598470601	bid	115.54
IVE	1598470628	price	115.57
IVE	1598470628	bid	115.56
IVE	1598470628	ask	115.57
IVE	1598470665	bid	115.57
IVE	1598470667	price	115.5737
IVE	1598470667	ask	115.58
IVE	1598470670	price	115.57
IVE	1598470670	bid	115.56
IVE	1598470670	ask	115.57
IVE	1598470687	price	115.5471
IVE	1598470687	bid	115.54
IVE	1598470687	ask	115.55
IVE	1598470724	price	115.5
IVE	1598470724	bid	115.49
IVE	1598470724	ask	115.51
IVE	1598470731	price	115.4901
IVE	1598470731	ask	115.5
IVE	1598470733	price	115.49
IVE	1598470759	price	115.525
IVE	1598470759	bid	115.51
IVE	1598470759	ask	115.53
IVE	1598470768	price	115.5
IVE	1598470768	bid	115.5
IVE	1598470768	ask	115.52
IVE	1598470776	price	115.51
IVE	1598470776	bid	115.49
IVE	1598470776	ask	115.51
IVE	1598470776	bid	115.5
IVE	1598470795	ask	115.52
IVE	1598470823	ask	115.51
IVE	1598470872	price	115.55
IVE	1598470872	bid	115.54
IVE	1598470872	ask	115.55
IVE	1598470880	price	115.54
IVE	1598470880	bid	115.53
IVE	1598470880	ask	115.54
IVE	1598470894	ask	115.55
IVE	1598470995	price	115.48
IVE	1598470995	bid	115.46
IVE	1598470995	ask	115.48
IVE	1598471006	price	115.45
IVE	1598471006	bid	115.44
IVE	1598471006	ask	115.45
IVE	1598471009	price	115.46
IVE	1598471009	bid	115.45
IVE	1598471009	ask	115.46
IVE	1598471015	ask	115.47
IVE	1598471044	price	115.4799
IVE	1598471044	bid	115.46
IVE	1598471044	ask	115.48
IVE	1598471047	price	115.46
IVE	1598471047	bid	115.45
IVE	1598471047	ask	115.46
IVE	1598471059	price	115.468
IVE	1598471059	ask	115.47
IVE	1598471111	price	115.49
IVE	1598471111	bid	115.49
IVE	1598471111	ask	115.51
IVE	1598471119	bid	115.48
IVE	1598471119	ask	115.49
IVE	1598471149	price	115.4926
IVE	1598471149	bid	115.49
IVE	1598471149	ask	115.51
IVE	1598471151	price	115.5
IVE	1598471151	ask	115.5
IVE	1598471257	price	115.53
IVE	1598471257	bid	115.52
IVE	1598471257	ask	115.53
IVE	1598471322	price	115.5
IVE	1598471322	bid	115.5
IVE	1598471322	ask	115.51
IVE	1598471326	price	115.51
IVE	1598471340	price	115.5
IVE	1598471361	price	115.5106
IVE	1598471361	ask	115.52
IVE	1598471368	price	115.5
IVE	1598471368	ask	115.51
IVE	1598471390	price	115.505
IVE	1598471400	price	115.51
IVE	1598471400	price	115.52
IVE	1598471400	bid	115.51
IVE	1598471400	ask	115.52
IVE	1598471406	price	115.53
IVE	1598471406	bid	115.53
IVE	1598471406	ask	115.54
IVE	1598471411	price	115.515
IVE	1598471411	bid	115.51
IVE	1598471411	ask	115.52
IVE	1598471411	price	115.52
IVE	1598471411	bid	115.52
IVE	1598471411	ask	115.53
IVE	1598471419	price	115.505
IVE	1598471419	bid	115.5
IVE	1598471419	ask	115.51
IVE	1598471419	price	115.5
IVE	1598471419	bid	115.49
IVE	1598471419	ask	115.5
IVE	1598471430	price	115.49
IVE	1598471430	ask	115.51
IVE	1598471432	price	115.5
IVE	1598471432	ask	115.5
IVE	1598471432	price	115.4999
IVE	1598471451	price	115.51
IVE	1598471451	bid	115.51
IVE	1598471451	ask	115.52
IVE	1598471467	price	115.5
IVE	1598471467	bid	115.5
IVE	1598471467	ask	115.51
IVE	1598471483	price	115.4866
IVE	1598471483	bid	115.48
IVE	1598471483	ask	115.49
IVE	1598471483	price	115.49
IVE	1598471510	price	115.43
IVE	1598471510	bid	115.42
IVE	1598471510	ask	115.44
IVE	1598471519	bid	115.43
IVE	1598471529	bid	115.42
IVE	1598471529	ask	115.43
IVE	1598471536	price	115.42
IVE	1598471536	ask	115.44
IVE	1598471553	price	115.41
IVE	1598471553	bid	115.41
IVE	1598471553	ask	115.43
IVE	1598471600	bid	115.4
IVE	1598471600	ask	115.41
IVE	1598471600	price	115.4
IVE	1598471600	bid	115.39
IVE	1598471600	ask	115.4
IVE	1598471631	price	115.4298
IVE	1598471631	bid	115.42
IVE	1598471631	ask	115.43
IVE	1598471639	price	115.415
IVE	1598471639	bid	115.4
IVE	1598471649	price	115.43
IVE	1598471649	bid	115.43
IVE	1598471649	ask	115.45
IVE	1598471650	ask	115.44
IVE	1598471664	price	115.44
IVE	1598471664	bid	115.44
IVE	1598471664	ask	115.46
IVE	1598471677	price	115.45
IVE	1598471677	ask	115.45
IVE	1598471678	bid	115.45
IVE	1598471678	ask	115.46
IVE	1598471678	bid	115.44
IVE	1598471685	price	115.44
IVE	1598471685	ask	115.45
IVE	1598471691	price	115.435
IVE	1598471691	bid	115.43
IVE	1598471691	ask	115.44
IVE	1598471710	price	115.46
IVE	1598471710	bid	115.46
IVE	1598471710	ask	115.48
IVE	1598471715	bid	115.45
IVE	1598471715	ask	115.46
IVE	1598471751	price	115.43
IVE	1598471751	bid	115.43
IVE	1598471751	ask	115.44
IVE	1598471774	price	115.5
IVE	1598471774	bid	115.48
IVE	1598471774	ask	115.51
IVE	1598471780	price	115.48
IVE	1598471780	bid	115.47
IVE	1598471780	ask	115.49
IVE	1598471783	price	115.47
IVE	1598471783	bid	115.45
IVE	1598471783	ask	115.47
IVE	1598471795	price	115.45
IVE	1598471795	bid	115.43
IVE	1598471795	ask	115.46
IVE	1598471808	price	115.48
IVE	1598471808	bid	115.47
IVE	1598471808	ask	115.48
IVE	1598471809	ask	115.49
IVE	1598471815	bid	115.48
IVE	1598471815	ask	115.5
IVE	1598471837	price	115.4993
IVE	1598471837	bid	115.47
IVE	1598471837	price	115.5
IVE	1598471840	price	115.4895
IVE	1598471840	ask	115.48
IVE	1598471840	price	115.47
IVE	1598471842	price	115.48
IVE	1598471842	bid	115.48
IVE	1598471842	ask	115.5
IVE	1598471844	price	115.47
IVE	1598471844	bid	115.47
IVE	1598471844	ask	115.48
IVE	1598471848	price	115.475
IVE	1598471853	price	115.47
IVE	1598471853	bid	115.46
IVE	1598471853	ask	115.47
IVE	1598471862	bid	115.45
IVE	1598471862	ask	115.48
IVE	1598471863	price	115.45
IVE	1598471880	bid	115.44
IVE	1598471880	ask	115.47
IVE	1598471887	price	115.47
IVE	1598471887	bid	115.46
IVE	1598471892	price	115.48
IVE	1598471892	bid	115.48
IVE	1598471892	ask	115.5
IVE	1598471901	price	115.5
IVE	1598471901	ask	115.52
IVE	1598471905	price	115.49
IVE	1598471905	bid	115.46
IVE	1598471905	ask	115.49
IVE	1598471919	price	115.47
IVE	1598471919	bid	115.47
IVE	1598471919	ask	115.5
IVE	1598471924	ask	115.49
IVE	1598471928	price	115.45
IVE	1598471928	bid	115.45
IVE	1598471928	ask	115.48
IVE	1598471938	price	115.44
IVE	1598471938	bid	115.44
IVE	1598471938	ask	115.47
IVE	1598471939	price	115.47
IVE	1598471939	price	115.46
IVE	1598471939	price	115.47
IVE	1598471944	bid	115.46
IVE	1598471946	price	115.46
IVE	1598471946	ask	115.49
IVE	1598471955	price	115.43
IVE	1598471955	bid	115.43
IVE	1598471955	ask	115.46
IVE	1598471960	price	115.42
IVE	1598471960	bid	115.42
IVE	1598471960	ask	115.45
IVE	1598471964	ask	115.44
IVE	1598471970	price	115.44
IVE	1598471970	bid	115.43
IVE	1598471973	price	115.42
IVE	1598471973	bid	115.42
IVE	1598471973	ask	115.43
IVE	1598471973	bid	115.41
IVE	1598471974	price	115.43
IVE	1598471977	price	115.41
IVE	1598471980	price	115.42
IVE	1598471980	bid	115.42
IVE	1598471984	price	115.43
IVE	1598471990	ask	115.44
IVE	1598471995	bid	115.44
IVE	1598471995	ask	115.48
IVE	1598471995	price	115.46
IVE	1598471995	bid	115.45
IVE	1598471999	price	115.44
IVE	1598471999	bid	115.44
IVE	1598471999	price	115.47
IVE	1598472000	price	115.42
IVE	1598472000	bid	115.43
IVE	1598472000	ask	115.49
IVE	1598472600	bid	113.68
IVE	1598472600	ask	117.33
IVE	1598481000	bid	114.24
IVE	1598481000	ask	116.62
